Sindrome 0: true
11000000000000000100000000000000101000000000000001100000000000001100000000000000100000000000000001000000000000000100000000000000111000000000000001100000000000001100000000000000001000000000000001100000
00000000011000000000000000100000000000001000000000000000001000000000000010000000000000000100000000000000000000000000000011000000000000001000000000000000000000000000000011000000000000000000000000000000
11000000000000001010000000000000100000000000000010000000000000000110000000000000100000000000000010000000000000001010000000000000101000000000000001100000000000001000000000000000100000000000000001100000
00000000001000000000000001000000000000001100000000000000010000000000000011100000000000001110000000000000010000000000000011000000000000001110000000000000100000000000000000000000000000001010000000000000
10100000000000000000000000000000101000000000000010000000000000001000000000000000101000000000000010100000000000000000000000000000000000000000000011000000000000001100000000000000010000000000000010100000
00000000011000000000000011000000000000001000000000000000010000000000000001000000000000001110000000000000011000000000000011000000000000000010000000000000011000000000000001100000000000000010000000000000
10000000000000000010000000000000100000000000000001000000000000000000000000000000110000000000000010000000000000000000000000000000110000000000000000000000000000001100000000000000101000000000000010000000
00000000100000000000000001100000000000001000000000000000100000000000000010100000000000001010000000000000011000000000000010000000000000001000000000000000011000000000000000100000000000000100000000000000
11000000000000000100000000000000111000000000000011100000000000000100000000000000110000000000000011100000000000001000000000000000000000000000000010100000000000001010000000000000000000000000000010100000
000000001000000000000000100000000000000010100000000000001010000000000000000000000000000000000000000000001100000000000000010000000000000000100000
Sindrome 1: false
11000000000000000100000000000000110000000000000011100000000000001100000000000000110000000000000011000000000000001110000000000000000000000100000011000000000000001000000000000000010000000000000001100000
00000000010000000000000011100000000000001000000000000000010000100000000000000000000000001110000000000000011000000000000011000000000000000110000000000000110000000000000000000000000000000110000000000000
01000000000000001110000000000000101000000000000001100000000000001110000000000000100000000000000011100000000000000000000000000000011000000000000001000000000000000010000000000000101000000000000010000000
00000000111000000000000010000000000000000110000000000000100000000000000011100000000000000110000000000000110000000000000001000000000000001100000000000000111000000000000011000000000000000000000000000000
10000000000000000110000000000000100000000000000000000000000000000010000000000000000000000000000010100000000000001010000000000000101000000000000000100010000000000010000000000000101000000010000000000000
00000100001000000000000001000010000000000100000001001010101000000000000010100010000001100000000000000000011000000000000010100000000000011110000000000000011000010000000101100000000000000010000000000000
11000000000000000010000000000000011000000000000010000000000000000000000000000000000000000000000001000000000000001110000000000000111000000000000011100000000000001110000000000000111100000000000011100000
00000000010000000000000010000000000000000110000000000000000000000000000001100000000000001101000000000000010000000000000011100000000000001010000000000000101000000000000011100000000000001010000000000000
10000000000000000110000000000000001000000000000010100000000000000110000000000000010000000000000001100000000000000100000000000000110000000000000000100000000000001010000000000000100000000000000000100000
000000000000000000000000111000000000000011000000000000000010000000000000100000000000000011000000000000000000000000000000110000000000000000000000
Sindrome 0: false
01000000000000000110000000000000000000000000000010000000000000000110000000000000101000000000000000000000000000001000000000000000000000000000000011000010000000000110000000000000001000000000000011100000
00000000011000000000000001000000000000001110000000000000100000000000000000100000000000001100000000000000011000000000000000000000000000000000000000000000110000000000000010100000000000000100000000000000
01000000000010001010000000000000110000000000000001000000000100001010000000000000011000000000000000010000000000001000000000000000110000000000000011110000001000001100000000000000110000000000010010100000
00000000111000000000100001000000000000001010000000000000110000000000000010100000000000000110000000000000000000000000000001000000000000001000000000000000011000000010000010000000000000000000000000000000
10000000000000000010000000000000111000000000000011100000100000001010000000000000011000000000000011000000000000001100011000000100111000000000000011000000000000000100001000000000011000000010000001000000
00000000000000000000000011100000000000000001000000010101111000000000000011000001000000001000000000000001110000000000000010000000000000000000000000000000111000000000000001100000000000000010000000000000
11100000000000000100000000000000000000000000000001000000000000001100000000000000110000000000000001000000000000001100000000000000111000000000000010100000000000001101000000000000000000000000000011100000
00000000010000000000000010000000000000000000100000000000000000000000000000000000000000000100000000000000001000100000000010000000000000001110000000000001110000100000000001000000000000001000000000000000
01000000000000001000000000000000001000000000000000100000000000000110000000000000110000000000000000100000000000001000000000000000101000000000000001100000000000001010000000000000000000000000000011000000
000000001000000000000000010000000000000010000000000000001000000000000000000000000000000001000000011000000000000000000000100000000000000010010000
Sindrome 1: false
10100000000000001110000000000000101000000000000010000000000000000110000000000000110000000000000011000000000000001110000000000000100000000000000011100000000000001110000000000000010000000000000000100000
00000000100000000000000011000000000000001110000100000000111000100000000001000000000000001010000000000000111000000000000011100000000000000100000000000000100000000000000011100000000000000110000000000000
00100000000000000010000000000000111000000000000000100000000100000110000000000000100000000000000000000000000000001000000000000000100000000000000011100000000000000110000000000000010000000000000010100000
00000000101000000000100000100000000000001100000000000000111000000000000010100000000000000110000000000000111000000000000000000000000000000010000000000000100000000000000010100000000000000000000000000000
00100000000000000010000000000000010000010000000001000000000000001110000000000000011000000000000000000000000000001100000000000000011000000000000010000000000000000000001000000000101000000000000010000000
00010000010000000000000000100000001000001110000001000000000000010000001001000000000000100110000000000000011000000000000001000000000000001110000010000000100000000000000101100000000000001010000000000000
11000000000000001100000000000000010000000000000010000000000000001100000000000000010000000000000001000000000000000000000000000000001000000000000011100000000000000100000000000000101000000000000011000000
00000000010000000000000010100000000000001110000000000000110000000000000001000000000000000111000000000000001000000000000010000000000000000110000000000000100000000000000001100000000000001000000000000000
10000000000000001100001000000000010000000000000000100000000000000010000000000000110000000000000000100000000000000000000000000001000000000000000010000000000000000000000000000000010000000000000011100000
000000001100000000000000111000000000000000000000000000001011000000000000111000001000000001100000000000001100000000000000100000000000000001100000
Sindrome 0: false
10100000000000001000000000000000000000000000000001000000000000000110000000000000100000000000000000000000000000000000000000000000101000000000100000100000000000001110000000000000001000000000000001100000
00000000000000000000000111100000000000000110000000000000000000000000000001000000000000000000000010000000111000100000000000000000000000000000001000000000101000000000000001100000000000001110000000000000
10000000000000001100000000100000011010000000000000000000000000001000000000000000000000000000000001100000001000001000000000010000100000000000000011000000000000001110100000000000011000000000000011000000
00000100101000000000001001000000000010001010000000000000001000000000000011000000001000001110000000000000111000000000000001000000000000001110000000000000000000000000000001000000000000000110000000000000
00100000000000001110000000000000101000000000000001100000000000001110000000000000111000000000000000100000000001000010000000000000010010000000000010100000000000001110000000000000010000000000100010100000
00000000011000000001000001100000000010100110000000101000001000000000000011000100000001101010000000000000011000000000000001000000000000001000000000000000100000000000001000000000000000000000000000000000
01100000000000000010010000000000110000000000000101100000000001000101000000000000010000000000000011000010001000000100000000000000001000000000000010000000000000001100000000000000011100000000000011010000
00000000010000000000000010000000000010000000000000000100000000000000000011000000000000001110000000000000111000000000000111000000000000001110000100000000111000000100000010000000000000010100000000000000
00100000000000000010000000000000111000000000000011000000000000001000000000000000001000010000000000000000000000001000000000000010100000000000000011000000000000001110000000000000011000000000000001100000
000000000110000000001000100000000000000011000000000000001110000000100000110000000000000001000000000000100100000000000000100000000000000000100000
Sindrome 1: false
11000000000000001010000000000000010000000000000001000000000000000100000000000000110000000000000010100000000000001100000000000000001000000000000010000000000000000010000000000000001000000000000010000000
00000000011000000000000011100000000000000000000000000000000000000000000010100000100000000110010010000000011000000000000001000000000000001010000000000000111000000000000010000000000000000000000000000000
11000000000000001010000000000000000000000000000001000000000000000110000000000100011000000000000001000000001000001100000000000000010000000000000000000000000000000000000000000000101000000000001011000000
00001000101000000000010010100000000000000000000000000000101000000000000010100000000000000010000000000000101000000000000011100000000000001000000000000000101000001000000011100000000000000110000000000000
11000000000000000010000010000000100000000000000011100000000000001010000000000000010000000000000011000000000000000010000000000000001000000000000001100000000000000100000000000000110000000000000000100000
00001000010000000000000001000000000100001110000000000000111000000000000000000100000000001010010000000000000000000000000010100000000000000000000000000000001000000000000011100000000000001000000000000000
01100000000000000100000000000000000100000000000010100000001000000110000000000000110000000000000011100000000000000110000000000000110000000001000011100000000000000010000000000000111000000000000011000000
00000000101100000000000001110000000010000110000000000000011000000000000011100000000000000000000000000000010000000000000000000000000000001100000000000000110000000000000000000000000000000000000000000000
00000001000000000110000000000000100000000000000000000000000000000010000000000000110000000000000010000000000000001100000000000000011000000000000011000000000000001010000000000000011000000000000010100000
000010000110000000000000101100000000000010100000000000000000000000000000000000000100000000000000000000001010000000000000101000000000000001101000
Sindrome 0: false
10100000000000001100000000000000110000000000000011100000000000001110000000000000000000000000000001000000000000001100000000000000000000000000000000000000000000000110000000000000110000000000000000000000
00000000111000000000000000000000000000001000000000000000000000000000000000100000000000001000001000000000010000000000000001000000000000000010000000000000010000000000000001000000000000000000000000000000
00100000000000000100000000000000011100000000000001110000000000001100000000000000100000000000000001000000000000001100000000000000001000000000000000000000000000000110100000000000010000000000000010100000
00000000011000000000000010100000000000001110000000000000111000000000000010100000000000001000000000000000101000000000000000100000000000000100000000000000011000000000000000100000000000001010000000000000
10000000000000001000000000000000011000000000000011100000000000001010000000000000111000000000000001000000000000000100000000001000001000000000000010100000000000001010000000000000111000000001000010000000
00000000110000000000100000000000000000001110000000000100110000000000000011000000000000000010000000000000100000000000000010000000000000101100000000000010010000000000000010100000000000001110000000000000
11100000000000011110000000000001101000000000000000000000000000000000000000000000000000000000000000000000000000001110000000000000001000000000000001100000000000000000000000000000110000000000000001000000
00000000111000000000000011000000000000001010000000000000101000000000000011100000000000001110001000000000010000000000000001100000000000000000000000000000011000000000000010000000100000000000000001000000
01000000010000001110000000000000011000000000000000000000000000001110000000000000011000000000000000100000000000000011000000000000010000000000000011000000000000000010000000000000111000000000000011000000
000000000010000010000000010000000000000010100000000000000000000000000000000000000000000011100000010000001100000000000000010000000000000000000000
Sindrome 1: false
00000000000000001000000000000000001000000000000000000000000000000110000000000000100000000000000010000000000000000100000000000000101000000000000000000000000000001000000000000000001001000000000001100000
00000000100000000000000001000000000000001010000000000000101000000000000011000001000000001010000100000000010000000000000011100000000000001000000000000000110000000000000011100000000000000010000000000000
10100000000000001000000000000000111000000000000010100000000000001010000000000000011000000000000011100000000000000110000000010000000000000000000010000000000000001000100000010000101000000010000011100000
00000000101000000000000010000000000001000010000000000000001000000000000001000000000000001000000000000000011000000000000000000000000000000110000000000000010000000000000001100000000000001000000000000000
01000000000000001000000000000000110000000000000001000000000000000000000000000000111000000000000001100000000000000100001000000000101000100000000010100000000000000100000000000000110000001000100001100000
00001000100000000000000010100000000000001010000000100000001000000000000000000000000000000010000000000010101000000000000010000100000000000100000000000000011000000000000001100000000000001100000000000000
10100000000000000010000000000000101000000000000000100000000000001000000000000000100000000000000010100000000000001010000000000000001000000000000001100000000000001000000000000000000000000000000000110000
00000000011000000000000000100000000000000110000000000000100000000000000011000000000000000000001000000000111000000000000001000000000000001100000000000001100000000100000001000000000000000100000000000000
01000000000000001010000000000000010000000000000011100000000000010100000000000000011100000000000000100000000000001100000000000000011000000000000000100000000000000000100000000000110000000000000011000000
000000000010000000000000010000000000000010100000000000000010000000000000100000000000000001100000000000100100000000000000011000000000000010000000
Sindrome 0: false
00100000000000000110000000000000110000000000000001000000000000000110000000000000101000000000010011100000000000001000000000000000100000000000000001100000000000000100000000000000001000000000000011100000
00000000100000000000000000100000000000001000100000000000001000000000000000100000000000000000000000000000110000000000000011000000100000000110000000000000010000000000000010100000000000000100000000000001
01000000000000001110000000000000110000000000000011000000000000001000000000000000000000000000000010100000000000000110000000000000011000000000000010000000000000001100000000000000000000000000000011000000
00000000110000000000000011000000000001001000000000000000000000000000000000000000000000000110000000000000001000000000000010000000000000001000000000000000101000000000000010000000000000000110000000000000
00100000000100001000000000000000000000000000000001000000000000001010000000000000101000000000000011001000000000000100000000000000000000000000000001100000000000001100000000000000110000000000000010100000
00000000000000000000000010000000000000000110000000000000001000000000010011100000000000001000000000000000010000000000100001000000000000000100000000000000100000000000000010000000000000000110000000000000
01100000000000000001000000000000101000000000000011000000001000000010000000000000111000000000000000100000000000001010000000000000111000000000000001100000000000000110000000000000110000000000000011000000
00000000000000000000000011100000000000000100000000000000101000000000000001100000000000000000000000000000111000000000000010000000000000001010000000000000011000000000000011100000100000001000000000000000
10000000000000001010000000000000001000000000000001000000000000000010000000000000001000000000000011000000000000000110000000000000011000000000000011100000000000000010000000000000110000000000000010000000
000000001110000000000000010000000000000010100000000000001110000000000000100000000000000010000000000000001110000000000000000000000000000010000000
Sindrome 1: false
01100000000000001010000000000000010000000000000011000000000000000100000000000000011000000000000011100000000000000010000000000000010000000000000000000000000000001000000000000000111000000000000010000000
00000000000000000000000001100000000000000110000010000000001010100000000011100000000000000110000000000000110001000000000001100000000000000010000000000000011000000000000011000000000000001010000000000000
11100000000000001000000000000000001000000000000010100000000000001000000000000000100000000000000001000000000000001100000000000000001000000000000000100000000000000010000000010000001000000000000010000000
00000000000000000000000000000000000010001010000000000000100000000000000010000000000000000010000000000000010000000000000000000000000000001110000000000000000000000000000010100000000000000100000000000000
10000000000000001000000000000000010000000000000011100000000000001110000000000000110000000000000000000000000000001000000000000000101000000000000011100000000000000000000000000000101000000000000001000000
00010000001000000000000011000000000000001100000000000000101000000000000001000000000001001110000000000000100000000000010010000000000000001110000000000000110000000000000000000000000000001000000000000000
00100000000000000000000000000000000000000000000000000000000000000110000000000000100000000000000001100000000000001000000000000000110000000000000011000000000000001100000000000000101000000000000001000000
00000000010000000000000010100000000000001010000000000000111000000000000001100000000000001010000000000000100000000000000000000000000000000010000000000000101000000000000010000000100000000010000010000000
10000000000000001000000000000000101000000000000001000000000000001110000000000000101000000000000010100000000000000100000000000000001000000000000100100000000000001001000000000000011000000000000000100000
000000000101000000000000010000000000000001100000000000000010000000000000010000000000000001000000000000101100000000000000101000000000000010100000
Sindrome 0: false
00100000000000000010000000000000000000000000000011000000000000001100000000000000001000000000000000000000000000000010000000000000001000000010000001100000000000001110000000000000011000000000010000000000
00000000110000000000000000100000000000001000010000000000110000000000000001000000000000000110000000000000011000000000000001100000000000000110000000000000100000000000000000000000000000000110000000000000
01000000001000001000000000000000000000000000000000000000000000001100000000000000110000000000000001100000001000000110000000010000010000000000000011000000000100000110000000000010100000000000000011000000
00000000111000000000010001000000000010001000000000000000111000000000000001100000000000001000000000000000011000000000000000100000000000000000000000000000001000000000000000000000000000001010000000000000
10100000000000001110000000000000100000000000000000100000000000001110000000000000110000000000000011100000000000000000000000000000110000000000000001000000000000001110000000000000100000000000000000000000
00001001001000000000000000000000000000000010000000000000111000000000000001100000000000001100000000000000101000000000000010100000000001001100000000000000011000000000000010100000000000000100000000000000
01000000000000000110000000000000011000000000000000000000000000001110000000000000000000000000000000100000000000000100000000000000100000000000000000100000000000001000000000000000001000000000000011100000
00000000011000000000000011100100000000001010000000000101001000000000000000000000000000001010000000000000111000000010010010100000000000001000000000000000010000000000000011000000000000001110000000000000
10000000000000001000000000000000101000000000000111100010000000001110000000000000100000000000000001000000000000000000000000000000100000000000100011010000000000000100000000000000101000000000000001100000
000000001110000000000100000000000000000010010000000000000100000010000000000000000000000001000000000000000010000000000000110010000000000000100000
Sindrome 1: false
11100000000000000010000000000000011000000000000000000000000000000100000000000000101000000000000000100100000000000110000000000000000001000000000000100000000000000000000000000000101000000000000010000000
00000000111000000000000001100000000000000110001000000000100000000000000011000000000000000010000000000000011000001000000011100000000000001010000000000000000000000000000010000000000000001100000000000000
11100000000000001000000000000000011010000000000001100000000000000100000000000000001000000010000010100000000000001010000000000000101000000010000011100000000000001010000000000000111000000000000001100000
00000000011000000000000011100000000000001010000000000000011000000000000011000000000000001110000000000000010000000000000010000000000000001000000001000000111000000000000001000000000000000000000000000000
01000000000000001010000000000000111000000000000011000000000000001110000000000000000000000000000011000000000000000010000000000000100000000000000001000000000000001110000000000000010000000000000010100000
00000000100000000000100010100000000000001010000000001010100000000000010011100000000000001010000000000010011000000000000010000000000000001010000100000000101000000000000011000000000000011100000000000000
10000000000000001110000000000000010000000000000011100000000000000000000000000000100000000000000010100000000000000100000000000000111000000000000001000000000000000110000000000000100000000000000000100000
00000000000000000000000000000000000000000000000000000000001000000000000011100000000000000000000000000000011001000000000000001000000000001000000000000000001000000000000000100000000000000100000000000000
11100000000000000110000000000000111000000000000011000000000000000100000000010000010000000000000001100000000000000100000000000000011000000000000000000000000001000000000000000000011000000000000000000000
000000000000000000000000000100000000000001100000000000001001000000000000111000000000000001100000000000001000000000000000000000000000000010000000
Sindrome 0: false
10100000000000000100000000000000001000000000000011100000000000001100000000000000001000000000000001100000000000001000000000000000010000000000000000100000000000001010000000000000011000000000000010000000
00000000110000000000000001000000000000001100000000000000011000100000000001100000000000001100001000000000100000000000000011100000000000001000000000000000100000000000000001000000000000001110000000000000
01000000000000001011000000000000001000000000000010100000000000001110000000000000010000000000000010000000000000001111000000000000001000000000000010000000000000000100000000000000100000000000100001000000
00000000101000000000000000000000000000000010000000000000000000000000000001100000000000001000000000000000101000000000000010000000000000001110000000000000000000000000000000000000000000001000000000000000
10100000000000000010000000000000011000000000000011000000000000000010000000000000010000000000000000000000000000001010000000000000110000000000000010100000000000000010000000000000001000001000000000100000
00000000111000000100000010000000000010000010000000000000101000000000000100000010000001001010000000000000010000000000000011100000000000001000000000000000111000010000000011100000000000001000000000000011
01000000000000001000000000000000101000000000000000100000000000001100000000000001010000000000000011000000000000000010000000000000101000000000000010000000000000000000000000000000010000000000000010000000
00000000011000000000000001100000000000000100000000000000101000000000000000100000000000001110000000000000010000000000000000100010000000001000000000000001100000000000000000100000010000001110000000000000
01100000000000000010000000000000110000000000000010000000000000001010000000000000010000000000000000100000000000001100000000000000011000000000000010000000000000001100100000000000100000000000000000000000
000000001100000000000000001000000000000010100000000000000010000000000000111000000000000001100000000000001100000000000000100000000000000010100000
Sindrome 1: false
11100000000000001110000000000000011000000000000011100000000000001100000000000000100001000000000000000000000000000100000000000000111000000000000010000000000000000000000000000000000000000000000001000000
00000000011000000000000001000000000000000100000000000000011000000000000010000000000000000010000000000000100000000000000010000000000000001110000000000000001000000000000000000000000000000010000000000000
11100000000100000110000000000000110000000000000011100000000000000110000000000000011000000000000000000000000000000100000000000000001000000000000010000000000000000010000000000000010000000001000001100000
00000000101000000000000010100000000000000010000000000000111000000000000010000000000000001000000000000000010000000000000001000000000000001110000000000001101000000000000001100000000000001010000000000000
11100000000000001110000000000000010000000000000000100000000000001100000000000000010000000000000000100000000000001000100000000000111000000000000000100000000000000100001000000000010000000000000010000000
00000000111000000000000001100000000010001010000000000000011000000000000010000000000000001010000000000000011000000000100000100000000000000000000000000000011000000000000001100000000000001110000000000000
00100000000000000110000000000000011000000000000010000000000000001100000000000000111000000000000001000000000000001110000000000000001000000000000011000000000000000100000000000000000000000000000011000000
00000000000000000000000011000000000000001100000000000000011000000000000000100000000000001001000000000000111000000000000010000000000000001100000000000000110000000000000001000000000000000010000000000000
11100000100000000010000000000000010000000000000001100000000000001010000000000000001000000000000000000000000000001000000000000000001000000000000000100000000000000111000000000000101000000000000001100000
000000000001000000000000100000000000000010000000000000000010000000000000001000000000000010000000000000000110000000000000110000000000000000000000
