001100010111001001011011001011101100011001011110101011011100111001011011
10001010110000110001100110111011101110101110111010101011111010111110101111111010101011101110111010101111111110111011101011101010101111111110111010101011111010101010111111111011101111111111111111101111
11101010111111101011101011111110101011111010111110101011111011111110101011101110101010111010101110111011111111101110111110101010111011111111111011101111111010101111101111101010111111101111101110101110
11101010101111111010101010101011101110111110101111111011111111101110111111111011111110111010101010101110111110111111101010111010101010101011111110101010111011101111101010111011111110101110101010101111
10101110111010111010101010101110101010101010101010111011101111111111111011101110111110111110101010101010101110101010111011111010111010111110111011101011111010101101111100000010000000110000000011101010
11101100010000101011101001100011011011110011000101101010110101111100101111011001111000110110100010011111000101111000010100101111011010011011010011001110100110010011110011000010101101011101011100011000
11000111110101111100001001000010001001010101100110010000110011010011010110101111001110010011101000111110011110111111110100001000000111100101110010010110101101110001000101011111001010011011110110011001
01001001100101010101011101000010000011110011011110010101010100101101010100101100011100100000110001011001010100001011111001011100111001101111001110000101010101000000000100011001101101001111100011011100
00101011010010011110111110101010110001101110111101101011001011000000011110110101000000011101101001000001011100001010010101110011000110011100100011111111011111010000011001000111100000100000100000111011
10001101010000100011000011000011001111001111100011000101011000101011000101010000111110010000000000000000000110110011111100110111111001101001110101001010101111110010011000001111100100101000111110110001
10011101010001100000101001101101110111000001110100000111010000001001011011010000101000011010101110000000100111001101010010011000110000111000011100010001111101100110010110010000110011100100101100001110
00110111110100100011000001110011110010101010010111010001100100101001110100000011010110110110001101001111111010010000001001001111101010000010011110101100011101010010100100000101001011001110110001110101
10011000001100100110010000010100010000010000010101000101010101010001000000010001000100010000010101000101000000010101010001010100000100010000010100010000000000000001010001000000000001010000010001010100
01010101000000010001000001010101010100010101010000000101010001010001010100000101010001010101000100000001010001010100010100000000000001000101000101000101010101000101000000010101010001010001010101000001
01010101010001000000010100000101000001010101010001000100010101010101010001000100000101010001010000010000010101010000010001010100000000000100010000010100010001010001000100010100010000010101000101010100
01000101010101000000000001010100010001000000000001000000000100000100010101000101000000010100000101010000000000010001010000000100000101010001000000000100010001000001010100000000000000000101000001010001
01010100000000010000010001000101000100000101000101000001000001010001000101000100000000000101010001010100010001000101000101010001010101010001000001010100010101010101010000000100010101000001010001000001
01010100010000010001000101010100000001000101000101010100000001000100000000010101000100010001000001000001000101000100010101000000010100000000010000010100000001010101010001000000000100010001010001000001
01010001010101010000000000010100010001000000000100000101000101000100010000000100000000000000010001010100010001010001000000010001010001000001010001010101010000010000010001000100010101000101000000010101
00000100010001010000000100000100010100010000000101000100010001010000010001010100010001001111000100000010110000110110001111111011111110101111011100000001000001000111000100101000001100111101000010000010
01110010111001011101111100000101011000110011100010100101100100101001000001000011011111110111000101011011100111110100111000100111011110011001100110101110010001110010001110100010000100011011101011010010
01010001000001100101010110000100001110110001100101011000110011000101100100000011011111100000001001100110110011111001100110011100111110100101101100111011000110100110110101111110110110110010001010101011
00101100010111011010010010001010111011001011010001001000001000100010010100101101000001101000110101101010110000100111010010111000110001010101101101111000100010001010011101110001100001001100010110001110
00110100110001011111111110101110101111111011101010101010101010111010101011101010101010111110101010111110101111101111101111111110101011101111101010111010111110111011111111111110101011101110101110111110
10101011111110111010111011111010111111111110111111101010101110101011111011101110101010111110111110111111101011111110101010101010111011111110101011101011101010111110111110101011101010101011101011101111
11111110111110101011111011101111101011111110111010111110111110111110111111101010101010111110111011101010101010101011111011111011111110111110111011111010111111101011111011111110111011111011111110101111
10101011111010111010101010111010101110111110111110111110111010111011101111101111111010101111101011101111101110101010101010111010111011111111111011110101000100010100010101000001010000010100000001000001
01000101000100000100000000000001000100010000000101010001000001010101000001000100000101000001000000010000010101000000000000010100000100000001010000010100010101010001000100010100000100000001000001010000
00010101010100010000000100000101000000010100000000010100010101010000000101010100000100010100000000010001000100000100010100000000000100000001000101000001010100010000010101000001010000000100010101010101
00010000000100000101000101010100000001010001010001000000010100000101010100010101010100010101010001010001010101010100010001010101000101010001000100000101000001010001000000000001000100010101010100000101
01000001010000000001010000000100010101010100010000010100000000010001010000010101111011101111101011101110101011101111101111101011101110101110111010111110111111101110111011111011111110111110101010111111
10111111101011101111111110101111111011101010101111101011111011101010111110101110101010101010101110101110111110101011101110101011111110111011101110111110101011111111101011101111101111101010111111111110
11101010111011101110111110101011111110101011101010111011101111101011101011111111111010101010101011101110101010111110101010101011101011101011111011101011101110111110101011111011101010101011101110101011
11111010111011111011111111111011111011101010111111111010111011101110101110101011101110111111111111101110111110101011111010111010101011111111101110101010101110101010101110101111101010111011111111111010
11111010101011011110011111111100101111001110110000111110010100101110001110101000010110011101011001101001011011010011100110100000110101000100000011111011000100011101101101000001001111100100000111101000
10100010100101100001010111000111000101010110111100111011010000110110110110101001110110011100110000001111000011111110010101100011110010110001000010011100111010100001001110110110110111000100000011011010
00001101001110010110110110001000100001001000011001111100100100100100011000001100100100000111110101011010011010111100100101110100110000010001011010010011000111101010001010010100111110101111111111010011
10010110110011110010010011101111101111111010101100001001000010101000101101000111000010100110010101000100001111100010111111001011101100101101011110101111101110101010111110111011101011101111101110101010111111101111111110111110111110101111111011111010111110101010101110101010101111111111101111111111111111111011111110111111101010111110111010111111
11101011101111111110101110111111111110111110101111111010111110111011111011101011111011101011101010111110111110101011111011101111111111101010111110101111101010111111101010101011101011111010101110101011
11111011101010111010101010111110101111111011111111101111101110111011111010101011111110101111101010101010111110111011101110101110111011111110101110111011101111101010111010111110111010111110111110111011
11111110111011101111111011101110111110101010111011101010111111101010101011101010101111111011111011111110111111111011111011111111111000010001000100010000000100010100000001010101010001000001010001000001
00000101010001010101010100010000000100010001000100000101010001010000000101010100010101000001000100000101000100000000000000010100010000000000010100000100010101000101010100000001000100000101010101010001
01010100000001010100010100010101000001010100010101010001000000010100010101000101000000000000010001010001010001010101010001010000000101010100010100010101010000010101010101000100000001010000010100000101
01010100010001000101010101010100010001000001010100010100000100000101010100000100010101000000000001000100000101000100010100010001000101000100000101010001010101000100010101010100000000000101010001000100
00000000010000000001000001000101010001010000000101000001010100000101010001000100000001010001010100010100010101000100010000010101000000000000000001010000010100010101010000000001000001000100010100010000
01010001010000010000010100010001010001000000000001010100010101000100010001010001010100010101010100010000010101000101010101010100000001000101010000010100010000010101010001000001000100010101010000000100
01010001010101000000010001000000000101010001000100010000010000010001010001000101010000000101000000000100000101000000010101010100010000000001000100010100010000010101000101010101000000000001010001000100
00000001000001010001010001000100000001000000000000000100010101000100010100010000000100010100010000010100010101010100000100000100010001000101010001010000000101010000010001000101000000010000010001011010
00110001110110001111010010000110110011001110010101011000011000010111100100101000000010000011100010000110101010000011111000001011010010011110010110011111111010100110011100000001001001110011101111010101
01001000010001100001101111101010101111110011001001001111100001111101111011010100001000011010101111101110110010000011110011110011110110000101010000000010100001100111111000101110001100100011110001110000
10111010100000110010010001011101011011111000000101000110111110100101011011100011111011010011110001110110101010001001111011101100100000101000101101001101000111011011010011100101100001010100101101000101
01000100110110110101100001010010001101000001101010000011000010011001010001110001011011101011100110111100010101100000110110101100111101110100010000010110000010011011111010011111111001100111110010111001
01101101011011010001100001111100111001110101100001000001001100110011010101101010011100001010101100001000110000111001011101010110000010111000000001010110100101100100011011010111110110111111001000100010
11000010010000100001101000010011101011100010010000100000101001000110100101010011110110101010000100101110110001100010110101010111001000110001110110100001000000110100011001111100001111100011000111101001
01101101010110011010111111110010010000100100111101101110110001001011011011011101000110110000111111100111111011100110111010001110011011101010100011001010101101111010011001110000111101001010011000010000
00110110001110111111010010101100011010000001001111010001100100011001010111001010010010011101011110011101000011001100110110101110010000101110111110010100100100010010111001001011110011110110010001001111
00111101001111000010101101011011110110100100011101110000111101100110000000011100001101000100000011110010110000101010001000011010110011010000101110010010100101011011001100010001011010000111111100100100
11111011011010101101110101100100101011101110011011111010101101110000000100001001101110110100000100000101010101001010001000001100011010100001010010100000100100101110000111000100000110111011010010101101
10110000101000111001000000110101001011001111001101110101101111001110001001011111101011000110010000110000100110111011011101111110011011111010101101100001001010100101010100011010000010111000001000100000
10110101001101111110111101011011010000011101111001111111110010111100111011000011111001010010111000111010100001011001110101100110100101101101001110011010000011010100010000001111101100010001110110110100
00010011111001000001111010001010001010010110000101011100011100010101011011110011101101000011011011011010100111011001110011000000111100001111111001010110001111001011000100001001110011101010000100111011
01101101110001000000110110100000110100111001011011011000100010000100100001100111110010010010010001100000110010010000011111010101101001101011110010010111010011000001000101101001001100011110101000101001
01001111101011111111110100111001011011001111001001001110111110111111101010110000100100001010100010110100011100001010011001011101110000101001000110111000011101110000101111100011001001010001000010010110
00100000111010011111111011000011011000000111000011111010001000010011100001110010001001100011100100001111111000000100010000111111111001111000110000011110111101101110010001111100100000011010011101000101
10001010000010011000010011111100101100111001110001101101011011100001111111100011011100011000010100111111110110111011011000101010101000010000010110101011010100100000000101011000010001011110000000110011
11010101101001000011011011100101101000000010000010100100110001100100010000011011001000010110010001000110101100100111000111111001110100110110101110101100010101100101111010010001010110100111010000101011
10011010110101010110100101111111101000011001010111010111001000010100110010111110011000110000101000010111110011000001101011100110110011001000010100111101001101101000001100100011111100101100100100111011
10101101101110010110111100000100010100110110000111010111111011011110101100010010100100111110100011011111011000011000010011010110001010101001111010110101100010010111111100010011010011001000100010001110
01111000001100110000111101111011110110100100101101100001110110100111101010101000001011100010111000011001011011001011100101011110101001011110111010101101000100001111000101100001010110011000011001110011
00110011011000010111011011010100000111111111001101101001110101010000110011001100010110010100110100011011110000000000001011010011001100000100011100010110010101011101011001100000001010000011101011111110
11111110101110101110101010111110101010101110111111101010111010101111111010101010101111101011101010111111111111111010111011101111101110111110101010101111111111111110111011101011111010101011111011101111
11101010111011101010111011101010101010101110101110111011111011101011111011101010101010111110101111111011111111101110101111101110101111111110111011101011111110101111111110111111111010111010111011111011
11101110101111111011101111111111111011101111101011111011111110111010111011111110111111101011111111111111111010101111111110111110111010111111101010111111101010101110101011101010101110111010111111101110
10101111111110101111111111101110101110101111111111111011101110111111101011111011101011101110111011111110101011111110111010101111101110101010111110111011101011101111101110101010111111101111111110111110111110101111111011111010111110101010101110101010101111111111101111111111111111111011111110111111101010111110111010111111
11101011101111111110101110111111111110111110101111111010111110111011111011101011111011101011101010111110111110101011111011101111111111101010111110101111101010111111101010101011101011111010101110101011
11111011101010111010101010111110101111111011111111101111101110111011111010101011111110101111101010101010111110111011101110101110111011111110101110111011101111101010111010111110111010111110111110111011
11111110111011101111111011101110111110101010111011101010111111101010101011101010101111111011111011111110111111111011111011111111111000010001000100010000000100010100000001010101010001000001010001000001
00000101010001010101010100010000000100010001000100000101010001010000000101010100010101000001000100000101000100000000000000010100010000000000010100000100010101000101010100000001000100000101010101010001
01010100000001010100010100010101000001010100010101010001000000010100010101000101000000000000010001010001010001010101010001010000000101010100010100010101010000010101010101000100000001010000010100000101
01010100010001000101010101010100010001000001010100010100000100000101010100000100010101000000000001000100000101000100010100010001000101000100000101010001010101000100010101010100000000000101010001000100
00000000010000000001000001000101010001010000000101000001010100000101010001000100000001010001010100010100010101000100010000010101000000000000000001010000010100010101010000000001000001000100010100010000
01010001010000010000010100010001010001000000000001010100010101000100010001010001010100010101010100010000010101000101010101010100000001000101010000010100010000010101010001000001000100010101010000000100
01010001010101000000010001000000000101010001000100010000010000010001010001000101010000000101000000000100000101000000010101010100010000000001000100010100010000010101000101010101000000000001010001000100
000000010000010100010100010001000000010000000000000001000101010001000101000100000001000101000100000101000101010101000001000001000100010001010100010100000001010100000100010001010000000100000100010110101111101110101010111110111011101011101111101110101010111111101111111110111110111110101111111011111010111110101010101110101010101111111111101111111111111111111011111110111111101010111110111010111111
11101011101111111110101110111111111110111110101111111010111110111011111011101011111011101011101010111110111110101011111011101111111111101010111110101111101010111111101010101011101011111010101110101011
11111011101010111010101010111110101111111011111111101111101110111011111010101011111110101111101010101010111110111011101110101110111011111110101110111011101111101010111010111110111010111110111110111011
11111110111011101111111011101110111110101010111011101010111111101010101011101010101111111011111011111110111111111011111011111111111010101111101110101010111110111011101011101111101110101010111111101111111110111110111110101111111011111010111110101010101110101010101111111111101111111111111111111011111110111111101010111110111010111111
11101011101111111110101110111111111110111110101111111010111110111011111011101011111011101011101010111110111110101011111011101111111111101010111110101111101010111111101010101011101011111010101110101011
11111011101010111010101010111110101111111011111111101111101110111011111010101011111110101111101010101010111110111011101110101110111011111110101110111011101111101010111010111110111010111110111110111011
11111110111011101111111011101110111110101010111011101010111111101010101011101010101111111011111011111110111111111011111011111111111000010001000100010000000100010100000001010101010001000001010001000001
00000101010001010101010100010000000100010001000100000101010001010000000101010100010101000001000100000101000100000000000000010100010000000000010100000100010101000101010100000001000100000101010101010001
01010100000001010100010100010101000001010100010101010001000000010100010101000101000000000000010001010001010001010101010001010000000101010100010100010101010000010101010101000100000001010000010100000101
01010100010001000101010101010100010001000001010100010100000100000101010100000100010101000000000001000100000101000100010100010001000101000100000101010001010101000100010101010100000000000101010001000100
00000000010000000001000001000101010001010000000101000001010100000101010001000100000001010001010100010100010101000100010000010101000000000000000001010000010100010101010000000001000001000100010100010000
01010001010000010000010100010001010001000000000001010100010101000100010001010001010100010101010100010000010101000101010101010100000001000101010000010100010000010101010001000001000100010101010000000100
01010001010101000000010001000000000101010001000100010000010000010001010001000101010000000101000000000100000101000000010101010100010000000001000100010100010000010101000101010101000000000001010001000100
00000001000001010001010001000100000001000000000000000100010101000100010100010000000100010100010000010100010101010100000100000100010001000101010001010000000101010000010001000101000000010000010001011010
00110001110110001111010010000110110011001110010101011000011000010111100100101000000010000011100010000110101010000011111000001011010010011110010110011111111010100110011100000001001001110011101111010101
01001000010001100001101111101010101111110011001001001111100001111101111011010100001000011010101111101110110010000011110011110011110110000101010000000010100001100111111000101110001100100011110001110000
10111010100000110010010001011101011011111000000101000110111110100101011011100011111011010011110001110110101010001001111011101100100000101000101101001101000111011011010011100101100001010100101101000101
01000100110110110101100001010010001101000001101010000011000010011001010001110001011011101011100110111100010101100000110110101100111101110100010000010110000010011011111010011111111001100111110010111001
01101101011011010001100001111100111001110101100001000001001100110011010101101010011100001010101100001000110000111001011101010110000010111000000001010110100101100100011011010111110110111111001000100010
11000010010000100001101000010011101011100010010000100000101001000110100101010011110110101010000100101110110001100010110101010111001000110001110110100001000000110100011001111100001111100011000111101001
01101101010110011010111111110010010000100100111101101110110001001011011011011101000110110000111111100111111011100110111010001110011011101010100011001010101101111010011001110000111101001010011000010000
00110110001110111111010010101100011010000001001111010001100100011001010111001010010010011101011110011101000011001100110110101110010000101110111110010100100100010010111001001011110011110110010001001111
00111101001111000010101101011011110110100100011101110000111101100110000000011100001101000100000011110010110000101010001000011010110011010000101110010010100101011011001100010001011010000111111100100100
11111011011010101101110101100100101011101110011011111010101101110000000100001001101110110100000100000101010101001010001000001100011010100001010010100000100100101110000111000100000110111011010010101101
10110000101000111001000000110101001011001111001101110101101111001110001001011111101011000110010000110000100110111011011101111110011011111010101101100001001010100101010100011010000010111000001000100000
10110101001101111110111101011011010000011101111001111111110010111100111011000011111001010010111000111010100001011001110101100110100101101101001110011010000011010100010000001111101100010001110110110100
00010011111001000001111010001010001010010110000101011100011100010101011011110011101101000011011011011010100111011001110011000000111100001111111001010110001111001011000100001001110011101010000100111011
01101101110001000000110110100000110100111001011011011000100010000100100001100111110010010010010001100000110010010000011111010101101001101011110010010111010011000001000101101001001100011110101000101001
01001111101011111111110100111001011011001111001001001110111110111111101010110000100100001010100010110100011100001010011001011101110000101001000110111000011101110000101111100011001001010001000010010110
00100000111010011111111011000011011000000111000011111010001000010011100001110010001001100011100100001111111000000100010000111111111001111000110000011110111101101110010001111100100000011010011101000101
10001010000010011000010011111100101100111001110001101101011011100001111111100011011100011000010100111111110110111011011000101010101000010000010110101011010100100000000101011000010001011110000000110011
11010101101001000011011011100101101000000010000010100100110001100100010000011011001000010110010001000110101100100111000111111001110100110110101110101100010101100101111010010001010110100111010000101011
10011010110101010110100101111111101000011001010111010111001000010100110010111110011000110000101000010111110011000001101011100110110011001000010100111101001101101000001100100011111100101100100100111011
10101101101110010110111100000100010100110110000111010111111011011110101100010010100100111110100011011111011000011000010011010110001010101001111010110101100010010111111100010011010011001000100010001110
01111000001100110000111101111011110110100100101101100001110110100111101010101000001011100010111000011001011011001011100101011110101001011110111010101101000100001111000101100001010110011000011001110011
00110011011000010111011011010100000111111111001101101001110101010000110011001100010110010100110100011011110000000000001011010011001100000100011100010110010101011101011001100000001010000011101011111110
11111110101110101110101010111110101010101110111111101010111010101111111010101010101111101011101010111111111111111010111011101111101110111110101010101111111111111110111011101011111010101011111011101111
11101010111011101010111011101010101010101110101110111011111011101011111011101010101010111110101111111011111111101110101111101110101111111110111011101011111110101111111110111111111010111010111011111011
11101110101111111011101111111111111011101111101011111011111110111010111011111110111111101011111111111111111010101111111110111110111010111111101010111111101010101110101011101010101110111010111111101110
10101111111110101111111111101110101110101111111111111011101110111111101011111011101011101110111011111110101011111110111011101110111111101010101011101010101110111011101011101110101010111110101111101011
11111010101011101110111010101111111110111011101011101010101111111110111010101011111010101010111111111011101111111111111111101111111010101111111010111010111111101010111110101111101010111110111111101010
11101110101010111010101110111011111111101110111110101010111011111111111011101111111010101111101111101010111111101111101110101110111010101011111110101010101010111011101111101011111110111111111011101111
11111011111110111010101010101110111110111111101010111010101010101011111110101010111011101111101010111011111110101110101010101111101011101110101110101010101011101010101010101010101110111011111111111110
11101110111110111110101010101010101110101010111011110001110000101001110110000010100010101101111100000010000000110000000011101010111011000100001010111010011000110110111100110001011010101101011111001011
11011001111000110110100010011111000101111000010100101111011010011011010011001110100110010011110011000010101101011101011100011000110001111101011111000010010000100010010101011001100100001100110100110101
10101111001110010011101000111110011110111111110100001000000111100101110010010110101101110001000101011111001010011011110110011001010010011001010101010111010000100000111100110111100101010101001011010101
00101100011100100000110001011001010100001011111001011100111001101111001110000101010101000000000100011001101101001111100011011100001010110100100111101111101010101100011011101111011010110100100100001110
01101011000100111101101001000001011100001010010101110011000110011100100011111111011111010000011001000111100000100000100000111011100011010100001000110000110000110011110011111000110001010110001010110001
01010000111110010000000000000000000110110011111100110111111001101001110101001010101111110010011000001111100100101000111110110001100111010100011000001010011011011101110000011101000001110100000010010110
11010000101000011010101110000000100111001101010010011000110000111000011100010001111101100110010110010000110011100100101100001110001101111101001000110000011100111100101010100101110100011001001010011101
00000011010110110110001101001111111010010000001001001111101010000010011110101100011101010010100100000101001011001110000001100011110100011010101011001001011011011001001101011110100011111010111101100101
00110110001000110000101110001110000100101111110111101100011001110101111101110001010100010010100110000001000011110000110110111000101111110000011100100000101110111011001011111100000111101000101100101010
00001010110111111110011101000110100011101101111100000101010011001110011111001111101010001010010000111111100010100010101011000111101111111100100101001110000011100000111110111100110010001111111110101100
10001100011011110011110100100101101011110100100110111000000001011100100101111101110111100010011101101100110001101110011010111101100111111111110001000101111010001001100001010000100100000010000011011111
11011111000101101001001110110001010101100110110000000101000101010001010001010100010001000001010100000000000000000101000001010001010101000000000100000100010001010001000001010001010000010000010100010001
01000100000000000101010001010100010001000101000101010001010101010001000001010100010101010101010000000100010101000001010001000001010101000100000100010001010101000000010001010001010101000000010001000000
00010101000100010001000001000001000101000100010101000000010100000000010000010100000001010101010001000000000100010001010001000001010100010101010100000000000101000100010000000001000001010001010001000100
00000100000000000000010001010100010001010001000000010001010001000001010001010101010000010000010001000100010101000101000000010101000001000100010100000001000001000101000100000001010000000001000001000101
01010100010101010001000101000101010000010100000101000000010000010100010100010000010000000000000100010001000000010101000100000101010100000100010000010100000100000001000001010100000000000001010000010000
00010100000101000101010100010001000101000001000000010000010100000001010101010001000000010000010100000001010000000001010001010101000000010101010000010001010000000001000100010000010001010000000000010000
00010001010000010101000100000101010000010100000001000101010101010001000000010000010100010101010000000101000101000100000001010000010101010001010101010001010101000101000101010101010001000101010100010101
0001000100000101000001010001000000000001000100010101010100000101