11101111000110000000101001011100001110100011111010110010010100101010111100110101110101000101000000001000110010110011110001001101000000011010101110011011100111011110111101101100000110111110101001110011
01010100001100011111011001110101001010101000111111101101001010111100110010001011111100110100011011100100011011001110011011110001100001101001001011111000100110011101100100000100000010000111110101010001
00111110010100000101010010101011101001110001110011111111111010001010111101011010000110110001010000011001101101111011000001010001001010001011110100110010100111100100110000101100000011101101111011110100
11111100100110100000101101010110101100011111000101001000010001000010110111111011100011011001110111001111001010100100111111011110000111100101100010110000000011001100100011101110110100010101100110001111
10000110010111111101111111000000100001100010010100001100000111001101010000100110100101010011111011100000111101101000000110010011010001001001101101000100111111100010100101010111110010100011111011100110
10110100100011011101110100000101010000100100101010000110011111110110100110101100010100110000100001100100000100001110111111000001111101011000111111011010110101011001110101001011011101000011011100101000
01110001011011010110111001101001011011111110110111000000011010110010100111011001111101110101011100011110010010101001101001011110100111100101010011000011100000000110010001101010110000000010000000010101
01010000001110000001010001011100100011011111101011110111101110100100101001011010100101011000101100001110001111111100010010001011110010010111111101111000000100100101010110000100011001000111010100100010
10010010111010011110111100001011011000000000010100110100010111101000000111001110001011111001001101110000101111010001101110001110110011110100100011011101011010000011110101100010101011010010001000110010
11100101101111000001011001100100100111111011010010001011110010000101010100001000000001011001101100011001000110111010110000010101001010011101110010111111001000001100101101000000010111101110011010001101
11001111111110011011100100101111111000110111000101100000001010101101111111011000000100100010101000101111001100100000011001010110101110100101101011011001011110111111010000001001101000101001010000110001
11011111000010111110101000110000101001110111001000010010101100111111011011010111000001100000100110011111100000111101011101110111110000101110011011011110001011100010001111110110111000110011110011010111
01010110001101101101010000101100001001110010110011100101011011100100001011100110101011111101100111110111000001010110011100000101110010110000110111001001000111111100100011111011010011110110100101001000
00101001001111011110011100011111001111110100100011001000111001111111111011101111010101100101011111110100010110000011001100000110111110100001100000010111111110011111110001110110011010101110000100011010
01010100001100000101010111011100011110001100110101110101110111010100010010111011101001000100111100001010000010010111100000001000010100001010001011110111011000100100010010101111000010001101000000111101
00101100101010101010101011000001111011001000001110010000001000101111011010001100111000111011100001001110110001110011000011000001011100001001111100110000000010100100011111101001101111110110010111101000
10111000001000101001110101100011101011000110011111010010001101110011010100111010100111010100011010000000011100000001101000111111010001001110001001000011101000000111101100111101001101101100100000101000
10100110101000011110101100110110000111000110110111101110100110011100111101010011101000010011100001001011110101111100001000010101101111000111010110010011110001100101000101101000000000100010001100110111
01010011111111101101100111111111010101110110101101111011011100101011001000110001110111010110111101111010000101100011010001010000111101010011101100100001110010000011000001001110010100111111100010000101
00101111100001111111001000100000001011001001001011101010010110010100111101010110110011101111111100110111110110001000011111000110000000001101100011011011111110001100010011110001111101011111100011111001
10110101000110100110011010000011001100001000110110010100100011100100100110111000110100100010001001100010111011111100010010001011001000110000001001110000110010101110111110100010101011110111100111100001
10111001100010011010111101110000100011101011100111001001011000011011111001011100111100101000000001000010001001011100011111011011111000011110101100111010100110101100110001100101001010100111011001100010
11101000111100110001010101110101101101010011110011100011100001011011011001110111111011010000011110100111010011110101111010111011101001000110001011010100110100010011111011011001100011101010000000001101
00100011000111100011000111010100110100000100101010011111000001111101001010001101001010110011001101101100011011101001101111101111111100001111110100111110101010011000101000000010000110101011100110000000
10001010101001110100011100000101111011101010001001010101101100000110001010100000111100000010011000000100110010011100101110101100111010101011100101000111101011000111100101100001010000100101110100001111
10000101110111001101100101001011101011011100001111111111101101110111100001111100110000101001010101100011111011101011111111111010011001100100000011101001110111010110001001010100010001111101011011010110
11110001111110101101100111000001101011010011100110010011001101101001100110010111100101111011110111001111001001001100111000111010001100010011100100110011100011000011110111000100101110100011100110101010
01111001001110100000110000111001100000100111110000111000010100011110111000110111001110111111000001010111001001100100001010000100111111000000100001110100101010101010101001010110101001110011111000100110
01100011011101011100011110000101010100011000101100001010111010010000100101111011001010010100110001000000001111011110100001111101110011001101110010001110100111111011101010101000110010101101111100101011
10111100001011000000011100101010100010111011101100101111111001110100010100111111101111101010110011111011101011010111111001000110111010000011110111001101011011001001100111011110101101101011110100100111
11010010111110000010110010110001111000000100101111111000110011010101110110010110011010001101011000001111101000101001001010100111000001010000000110101010100110000000101111100011011000101110000011011111
10010100100011101000111110111101011011001011110001101110101101111011100010100100100000110100001010111010000011101101110111001000001011000011111001011011011000101001010110011101011110001101110100100101
10100101001100101011101010001101111001000010000111010110100001000011010001010010001110001101011111100011101000100111011111101101000010101111100001110111110100010010011100000101000001010110111001101111
11000010000010001100010110101011101010011011001001111110001011111010000110010110000000000110011111011110010010011110011011100111010100010010001010010101011010110000000010101110110111011111001000110111
10011111010011011000110010111011101001011110001001011111101011000001110011111011111000001111010001101011101100001001010100101011010100110111101000011000110001010001100101101010010111110101100010101001
11011110001110010101101001010001111000000011101001010000011101010110100011011111111110110111101000010010111001000001011000000010001011101001101011000100111111011101001010011101011010010111010100101100
11000110010000000100100101100111011001001111001010101011100111110101001000110001000010100110101011010110000011111010101010011111111101101011000011010001100110010110100100101100101000010101111101101001
11001110101000000110101001111001001010011000010000100001001110101001010111101111110111010110001001001001011001000010100001101000111101111001110010010100100100011010000010000110011010000110111110000011
00001011010011001111001011001111000001011000111100111000011000010010111001000001100000100010010100001100001100001011110011010100010010000111110011111111000010110010100101101100000011100101111101101110
10001001001111101111010000101000111000011110011001011100101100100111110001111010111010010110100000000011100100010001001000111010111001100100000011111010000010101100100011001011001010101111010100100111
01101011010001011110100001010001001000011100110111110111111010101001101100110100101011011111011111111111110111111011000101101111100010001110110100011000110110001001111101010001110011010111011110010001
11011010110001101001111110100010010000011111001010001011000101110010101010001100110000001001011101100001001010010011011001100010100000111100100010010110011110000011011001100010101001010100110010011010
11000001010001100001111100110111001001110000011011110111111100010000010010011111110000101100011011011110100001101011011100001011001110001101000010001111000111111110101111110010010001010000000011101111
11010101001011100011010011110110001110010111010011101100100110000101111011100001010001010000010101111100101110101110100101000000111010100010111100111010000011010110001001111110010110101011001110010110
10110111001001100010101011110011110101011100101010001010001001011001101001100110100000110101100100000111010010100011000000111100100100001001101001011111100110001110010101111011100110111101111000101001
01101010101110111101010101101101110100110101010010000101000011011001101101010101000011010101001011100101110110001000111001100001010000011010011100010101110001111110011011101001010011010111000110001001
11011101010110101000110011111001001001110101011001011001111011111010010010111111001001100001011011111100010001001101010101000011010001011110010010001000011111110010110100111100110010011110110000001111
00000110101111100000111011000111111001110001111101101011100011001010001011100001111111010111001001100110110010100100011100100010001011011011100111100101111110001010011110000100001100101110111110010010
10111011111100001001101010101010110000100100101011011100011101011011110101010000011011111001000101000010101011010101000111011110010110011100001100100001001101011000110011001111111010000011001110110110
00001111010111100000100010110100110011101111100011001110001110011001001111111110001100001011001100000001101100001111011000000000101011000011101010011100000001010110100100101111111110101110101111110011
11011101001101100000111100101101011011000111011010100100101110101100000011001100110011101101001111000011000000001100010011010100101010100110110001000010100001111010100101010000111100011011010011111110
01110100101011110110001110100111101010010110011001101011110010010001010001011000000010101110000111111010011010110111111001011010001110101110101011000111001100111000110100001001000110110001111011101010
11111101111111101110101110100111011010000001111100011010011001111100111010111101101100011110100000111001110100111000110000011111100101111001011000011011010111010101011111101010100101001110011000101010
01100000001101010001101001000101010001000001110010010110001111001101010110110011110101100000010110000011001100111000101101000010100110101110101111000100011011011100110001010010000110010110101001101011
11000111010110111011101000011100010011001100010001000000110010000110100110011101101100001010101100101000010010111010000101101010010010000101000001111001001111101001100010011111100010101001101100001000
01110010111001101001100001111000110110010011101010100110111111100100100011101000101100111001110111101100010111000111111100000001000101110111101110000110100110110011111000000011010101010110011001111001
01110101011000000010101100100000001010101110010001010001001110111000100010100110101110111111111011100000101001100111010110110101101111111010110100001010111100010100001111000001001000100010111010101101
00101100000011111110101111000101011111010110100110011101111101111101010010101100110010001001010011101010100100110010000100101000001001000011011000010000101100011111011111000110011010011111111101111011
0011111101101000001111000000111011000000110001000110000100100011