110111000101000001111010011110000110001110010011110111001100101001000111111010010101001100111111001011001010110111011101011000000001010100000100001110100100100000111100111010111111
110110001011101011000101010010011110110110010110111001101010101000101001110100111100111011101011101110011101111010011001101010100011000101010100000110100001111011100111011001001010
011110000111000111011100000011111000011010101101011111100110110101000000100111000101000110100110111100100110011100010011100011010100010111100010100100110011011001011111111011000000
100101101000110111000111011111011100110011010100100000011000101001000110000110001100011010000001111000011011111100110000010110001110111100001000110101101100101001110101011110001110
110111001000111101110100010110001111001101010111001000101000011111111101101010110101011100100110110111101100011011101111101110001101000101110001100111001011010000111101111010001101
0110010111011000001101011110111110100110000111100111010000110000000100101100010100100011110111001110111111001011100000110001
110001000000110000100001111111001111000000001111110100110001101111010101100001111001111010010101001000011100001011011000101111010001100111110001101111110101110100010000001010001010
111010001101011110010000011101000110010001000000110100011010001110110000011101110001011000111111111110111000100000000001101000011000101101101000010000110010100110110000110010111110
111110110010100101011101101000001110001000110001001111100111010100100010101001110011010110101101010111000010010101001000001010100011110010000111011001000001011111101101000000010010
111100110110000111110110011010000010110110001011100111010100110010111011101010111110010010110100011100010111000111110001100100000100101100110111000011110011100011000000010011010110
111011100011100111001010101001000011100110100101000100101110100101001100110010101001100101011111011000011111101011100101011110110111000001111000011000111000000100101000001011110101
1000110001001110000011110100011110000001001000010010001100101110000110000011010010110001101011010000101101001100111100110111
111111010110100100111000111000001011000001111011111100011000111001110100001101110010101111001000010110110011000101100010111100001110101111011110000100011011000001111101010010001000
100001101110001010011000000100111000101000101101010100101110001011010111100010001011100100001101100110001111110110110010100100110010110010111001101100111000110101110011011001111110
001110000110001010011000100100101010111100001101101101011000000111100011110110110111001110001101011010101001010101100111010110111111101101001011110100001111001101110100000000000101
000110101110000011111111010000100000010011000010111111011110101011111111110100000111010101000001110111011111101010100010110111000100100010110100000101011011101000001011011111101000
010000111001101011100000110111010111000101011001001110101100001001110010011111010110101001101100100011000111101000111010101100101001001110010111011010010010100110110010000110100011
1111011111101110011111111110010100110101010101110000011001011000111101000100100010100111101010000000111011001101100111011010
101000100010110010110110110101000101101101000010010000101010101100001101011111001011111011010001111011110010111101011101100111100000110110000011011011100110011111111111010011100000
001011110111000111100110101011110111000111000001101001100110000001110000101010001101010111000111000101011010110100100101011111100111110101000110011010001011010000010001110101101000
101001100010011111001110100010101100001110010110100101010100001101011100010100010011101100111000011100110011011101001001110101100100001101111001000000001101001100000010011111011001
010101010001001111101010110100001011010111110100010000110001100000110100000101100000010111010010110000011010010100110100110011111000100001100101101101000000011011101000000111101111
111011011011110111011100001010001011100001100001101111101101110000011100000111011110011000010100001000011100010010110101111101011100101010101100111001000101111000010111101011111100
1000101101011001000000000011111010111001100101001111011000011100011000001010101000011000110000001101011100110100011100001110
010111001111100100111100010000011110100111110110011111010000001111101110010010001000001001011001001100011010001011110000010010001011011111111100101011000001000101010001111010001110
111101010001011101010110111110101000011100101000010100001111010101000100101100111110001110010110100001001010101101010010001010100110000010100001001111101010011000011111110000101010
100101100110111011110101010000000110011001100010100111100111101000111011100010100110010000001010001001000100110010111101101110001110010110001000010110111010000000011100110010001110
101000110011101101111101010000001011101110100111001111011111111101111101111010011101000101001110000111110101011000000110110000101011010101111011111011000010100110100001000100100010
011011100001101100000110011011010010000110110001001101111110000011100001010111111010001010101001001101011101001110010001011010011101001010010110010010011000110100011001100001011011
1101100101111101011100000100011001101010110001000010001011010101100010011100101111010110001101110111011100110001011001100011
001011100011100100101110101001110101010101010110100110001101100011011001111101101110101001010000111000100011000101100011100000111010010110100101010100100111000001110010010010110000
101101101110001101001001011010100011101010010010011011110010111101010110111010001101000011011000001110101010011010010110000010101011110001001111010110000111001001000010111010111101
101000101000110110111100011010001000101010101010001011011001100010100100100011101101011101010011000110000011001100011010101110001101011101001111000100110101111110101110001110000101
101110100000011111010001111101101001100010001001001010110110000110101010000001100000111100110101100111100001111010100001111111000110101000110001001101111100101010100101010100011110
010000001010111110100110101101111100111100010010101100011000010010011010101011010010000110010010111111000011000100100011100110001000100111000000001110010111010110111010011110010110
0110000110011100011011010101110100010001100010101010111000000001010100001010100101000010100001101111001010011011011000110010
101000011000110111111001111101111101000100011100010000101110010110010000010110001011101011010010001100101011001001111001100100100010110101010100001101001011111100100111111011011110
101010001011101101001011110001111101001011101000101101010000010111110011101011010101111000011010110010010011010110001001110000110101101111000100100000110110101111111110000010010100
000010011001100011001001011010010100100001111111101101100111010011001001100011100101110001010011111110111110111011101000100100001111000011110111110011110101100101111000010001011000
011011011000100100110011010110000011100111111100100110100110110011011001001000101011110000110001010010110101000010000100010011000101110000110100000110101000011101000110110010111010
111110111010001011000110101001011001100000010010101110100001011100010001011011011110101110001101010100100010001100100000101100000001100011011010110101100010011110011010110101001000
0110100011111101010100010011011110101101111110110001010111101011001011101100010001001000111001110101111010001101101000110111
010110110011000110010001100010100100011100101110000100000110100110011001011010111100000000110111111011100010100100010101101111110101100010010010011110101111010011010000100000101110
000101010111011000010001100111110000110101010011111110011000101001101111011010011101110111101110000011110010101110111101100111111000010001000111010110110110011001111001010011110111
100000011011011100101001111000010100110101011010111010110110101011010000100000011101001100101101111110001111011001011111101110001001101000011101011101001000110110000100001110101001
010001101011111100001100001111110011100111101101100100011110011100101011111100101111111101101011111011011111000011000011110011001000011111100011011001000111100001010011100110100001
110100110101001000101111101010011101001001000000000000010001000010111110100110101101101001010101100101101111110111000111010111111100100011010011110001110000110110001110010001110000
1011001110001101101111100100010110110000011111101010000100011100011100010010010100110111110100010101100101101101111100100100
110010101010111010011111110010110100001010001101110110100000101000001001001111110011001010000101011010110101000000111010101110100111010100111010100100101111010110110011100100001010
110001000010011101000000000011110011111001000000000001101000100101101011100100010101100001011100011100001001111010000000101101111001101100111110101101010001010000111111111001110010
111000010100101000100111001101001001001011110011100010010110101000001000000011001100010000001001001100000111101011010011101100001110010010101110000000110110111111011000110101100101
001000111110101001000011101100100001100011110001001110100010110001001111011010011111111100011111110000100101000110010110011010011011110101011100000111010100010101011011110101001100
001111101010110000010001010011011000011010110011110011110101110000010101011100010011011011000000111000011010011000000100010001001010101111011011011100101110001101101000101100011001
0010110100010110010001111001100001011001001111111001101110111000000111111111101111110000111011111011011001011101100001011010
101111001001110001101010000110011110010011001010101010001011110111011100100101101110011110100011011010000000010111111010111110110101001000111011001010111100001001110100111000000010
010000110100101000000001000111011100111100010000101100000110011000100001010001001111110010000000000000001101111000100000111010001110001101000010010000000110110011110011100000111001
000101110001010010001011011100001011000010101010111000100111000000000010001011111110010010111001010000000001010000101110011111000010100011100001010010000110001100010101110100101011
100101011100110110000100010011011110011011010000011000100001101111000010110100111111010010011110110001100010111100010001000111001100111010101111100011000111111110110111101000010010
011110101000111010000001010001000111000000100011100101111010010010011110001101001000110000101001011001000000011000101001011101001101101001110001110010001101010001111110100010110010
0000000011100000101101011100110100010000101111011001010001101100001100011100010110001011011001001001000010111010010010011000