011110100001111110101000111011011011011111101000111101000111011010001001100100001100101001000111100111100011100000001001110010100011010110111000011001110010100000101100100000111100
100001011101100100011011000111111111100011011111001000001011101000011010111011100011111110110011011110011010101101101010011110100001101011111111101010111011000010001000011100101100
110000101001000011000111000100011010101101111010000010111110010011110011100010110110101110000000011101011010010001011110011001000111110101110010100001010001101000100000111011011011
110000011011010010100010111101100000110101110000111011001111110100110010000100111111000011000111011101011000010011111000111111010100110000000001101100100100101010101000010100011101
110000010000100101110011100100011001000110011101010111110101100100011010010010011111001110111010111110000001111011110110010010110001001111111101011011010101110100011101011101010100
0010111000101011101011111100100100100110100000110101101000011011111100111100110101001011011110010110100101010110101100110011
110001000010010001110100111010100011110001010001000011001110111101010101000001011011100100010000110100010100111110010111001110111000000001111000010100111011011101100111100111011001
001101110101001000100101010110001110010100001100011010111011110100111011111011111100101010110010110011001000110110011001000000110011101110100001000100011001100111100101010000001101
111111101111001010100011001001101000000011000100001100110110111011111100000100011100110100101001010101111110101100000101101110101001000100111110010000011000100011010110001111101110
101110100100001101000011111111100000010011100001110101011000011000101000111001011101011101100010000111110000011100001010001011111100110100011010111111100100100111111111100000110010
001100000101001101100010001001111100111011111011101011100011110100110011110100010000111010010000101110011110101110011010001111110001111001100100000010101010011101001010110000110110
1000111111000100000110100000000011100000010110000001001111111110010000110100101111111110001110101110011000001101100001001011
111111100100101111100011111001001110000000010011001011101011001111111001011100011100101011100011110110101100100011001001010010101010000100111011111000011010000101111011001101011110
111011001111001001010110010101100101000110101010011101000110100011101101100101000011001011111100100101101001101101101001101010000111011001011110001111110110110101110110100010011000
000010100010110000100110111110110010001110101000010110000101100001101110010010101000011000001000010101010101001001011101101011011001000001011110110000101001000000000110011110100010
100110011011101001011100110100001000111101001011110100100110111111111011011101011110111001010011111011010100100111011111110011111110100010000000110111001101001111111001100010011101
011011111101001011110001001000011101000111110110101111110111011010111101010101100011110010101011010010010100001100100111111011011000111000011101010111111010011100010000000001111100
1000001100011011101001110000101000101011100011010100000001000100000110110100001100101000010111001000111101101100111001101110
001000110011111101110100110001011000001111111011011001111111011010010110111110110000101001001110000000001010010101101110101000010100111110111101100000001101000010101100010010011101
100100101000000011011110001010011010110110001001101101011111100000010100011111110000011011001000000001101001110110010100101010110110010100000001011011000000100001010111001111010110
111000011001101010000011100100111110110011111010111010110101000100010001111011001010111100010100110010010111000110001101000000101000000100101101101011111101100010111110011111110010
111100101000100011110100111110000100100100110001111100000111101000011001111100101000001101111111111011010000000000001100110111110110100111110000110001001000000100000001001000111111
010110010110001100010010111001011010010000011010010001101100001000101101111100010000100001100101011010010100111000011100111100010111110001001000001001111111111000000101000011011010
1111110110100110100000000000011001011110111101110011100111100001010010111101101100101110111011101011000101101000101011100101
010001011100010001010000100111000001000100100011100001010011110100110010000011010100101010000011100111110001101011010000010011111000010111100100011010111101110111101111011000100110
000001100100001101110100111110010111101011011011100111100101010101000011100000001001011101011010100011101101101011000000010111100101011111111100010101010111101110000111001100010011
101011110111101101011101000011010001010111110000000001111110100101101000100100111110001101100101100011001110110111011101001100101101110101010010101001010010010101101100110110110000
101011110110010110101011101001111100110010000111000101100110000110010110111000000111100010111111111110001000010010001010110101011010011111011001000000000001010111000011100111000110
100101010011101001100011010000100001010011111100001001101110011001001100100010010000110000101011010110000111011011111011010010110001111101100011000100010101100010111010101010111001
1001010111100011101010000000011011100100001110100110000001110000100100111110001010001111011110110011101010001000101000010011
000010000000100101010011100010001001001100011010101111111110110100010111001010000001011101000011101100100100000110111001101001100010001111010100000010110001101010000110000010010010
001110000011011011010111000100001000111010000000001010100110010100011000011101011110000100111100011010110011000011100001100100110110001101000000000001011011100111100001001010001110
011011010101010111010111110101100100010111000111101001000101000100110101100000001100010000101010011111100010000110000110100110000000110011010111001110110101001001100011001000101110
111101110010101101110011100001011000010001011001111110111011111101100010001000010010001010111111001010001010001010010000100100000010010111001000011111011101101111110011000101100000
100110110101101110101110011111011001001001101111111111010010100001111110001101001101001010111110101111110010100100110011011010001111001010010111010101100101110000111001000111110001
1100010111000101011100100100111111111010100111011110110010011001000100011110001100111010010100110010101010000011011100011101
010100010011000101011011110001000101000101100111010000101001000101010010110011101000011000000111111000001111000111110100101111111111000010011000001000110101000101001010110010010010
001010011110101001001110101101111011000010010001110110010001101011101110101111100110111110010110011000111011011101000001110110101100010111000000100101001100000111111011000010101001
001001110001110001000100110001111110111111010011100100000001110100010011000110110011000100110010000000010101111010111001101110010001001100011110100100101011101000011101100000010110
000011000101011000010000001110001111001000100111001111100110001000001111100011111111000101011001111011000001001101010011000111101111011101101100000111100010011111010100100100001011
001101001000101010101110111010011010011011000000011111010111010001110010100101111000011011000010100110101000001011111000011000111000101100100111110011110110010010011111111111011110
0110111010101111001101000100101111101010011101011001011110100001110111000000110010010111010000110001001101110001011100011010
000000011101100001001010000111101001011111101110011000110001001000111010011011011000100111100110000101010101000011000011110100101010001101011111110010011000000001110101001100000100
101111101001101000001010000010001110010011100101101100001010001111010110001011011110010011110011010011001001011001110100110000110011011101111111010101100100101001110001000010010011
000101101000100101000001011100110001001000010010011101100010000111011011001110011100111111001110100110000101000000100010011011000101101110000100111001011000110011111111110110110100
101011101110100001110100011001010011101110100011010111100011001110111001100001001100010000101000110001001000110110110001100001111100100101000011110100010111100110100101010000000001
110110110011110111011100111011001100011000101110111110111001001101100111010101110011001111000101010110010010110000111011110010011101011011100101010100100010101010101000111111000000
0010011110110000110110010100100100100101000000111000010101111110011111100111000101011010011110111100010010001110010111111100
000010000011000000101010100010010000011001110110010010111111101000010101011111110110100010111100010001001011001100010111001111011011100101001101010011000101111100000011001011100010
100101000000100000011110111010100001001010001101101100001011101101101010111011100110110010100111100100101010000100001110110000111101111100010100010001000000101011011011101001001110
100011100100110100011101110111101011101011111110110100101100011101111011000110001100000001001101010100000010011001001010011011110100110000011001101100100000011110110000111000100110
101001100010010000010001001110110111100010000010101101010110000000001111010010011110101101111000011000001110100110010110011110100101010001101011000101100011000001110100100110110110
101100001110001101110101100110011011111010010100111011101111000110111001111111101111010110101110110111101101111100001000001001100101100010000111001100011100000000000101101000100110
0000100001001101000101010100110111101100111001001100100110011010011110001001101111011100010011001111110000110001111011100000
011110001101111001011011000010100101100011001000010101110111111011111000101011111111000000110011110010011001010101100100001101110010000110101101001010010001111100100101010010011111
011100110011100010100111110111101010101100011010111011100110010101101111101100101001110110110000000101100001011110101011001010000111010110010100111111100111100011001110101111101001
100001100111111111110101000111101100100000001000010011111001100000111101010110010010000010100100001111001001111010101000000100111010111110000001000010001111111101001000101010011001
110010111000010010101011001000100101111110000001101110011010001101000110100101010011111101110001111010000110111100111100101011110100011101001000001100000101001111011010010001111110
000001010000111101010000111111100111111100111011001010011100010110011111010110010101110011000011110010001010110100100111111011110001111111011001111010010101101101100111000111011010
0111011011111110101011010011110011000000011110110010101100101011000000010110101111100111011111110101000011000100011111001011
