001000100001000100110111001111000010011001000111110000111000001100010101000001011101111011000101101010010000011010100010111110000001101111010101101001101101001101110010111010011100
101010001110011010101101001011010111010010000010001011100111000010111111010100100001111101010110110000010010000001100000110110001000011000011011110111100110010010011110011110001110
101000100110111111101100011111010010010000011101110110100110010011101011100010101010011001110111110110111010110010011010001010010111110110011000100010011110010110001001000100001011
001110111001111111001111000101000111100101111001010110000000110100010110100001010011011010100010100011111011110111001010111010011001000000111111011001111110111111011101000011101111
111100111000111000000001011111001000011011111000110101111110001110011101100000101001011101100100011010110111101010011011100111000011111100100110010111000110010100100100000100011100
1011100010010100011111001000011100010100110100010000100111000111001100100101101100000011111000000111010011001011101101010100
111000001101001101100101110101100010001110000100100110001111111110110010010011100110000011111001001111001101000111010101001111011100010000110100010000001000010101010011000101100100
101010001110001011011100101100111000111000101001101011011110110101100010100111000011100010110011111111001010110000010100001110110001000100011011001101101111001111100110001000100000
110001000100001000011100001100000100010100011010011101000000010100101010101100100111011010100011011110101000001101111101011001001001011100110100111110110110011111110101110101011001
010011100111101010101100011101011101100111101011100111110101010101111011100101010100111001001001110001111011010010011111111101110011000000010111101010100111101001001000100110101100
000000010000011011001000000100101001101101001010011100010111011001000000011010011001111011110111010010110000100001011111110011101100000000110110010001000111110000000011011011000100
0001111100011100010000001000100111001010101110000100010100101000101010101010111001110001111101011001001001100100011001110011
101100110101001011010000001110110110100001110001000100111011000101000011001000010011000110111101011010100000111100011110111101101001111001001100001001101111111011010100110011111100
001010101010111110110011110100010110011001111001011111001110000100101110010011101110101111110010101101111000000111011111111010000001111111001011011110101011111101011111011101101101
000010000101100000000110010001101011000101011101000000100000110001000000111110110011000000001011101111100111011110010101101011001010001011111101011001100010010101001101010111111111
111000001011101001100101001110000011111110011100101101110111110100010000110011011010101000001001110001010000010110000101111000000010000110011010101011111011110001011001111111001000
010111000010000001110011110110111000000110001011110111111100010000111000001100010101110000111010101010000010011011111010110011000101110100100001101111011011011000111111110001101000
0100110111001011111110010100110001001001100010100000010101100001111111010001110011011000010110110011011001010111010000011000
000101000000101101011100000110010010111111010110100000110000010010000011110011101111000111001111000111001100010110011000101100100011001111111010001100100101100001011001011011011100
101001001100101011011101101101101000011101011010011111001110010000111111000011010111000011111101010111000000100111010101001111101000000100100100101110011100011010010110110010001010
001101110010101001100101011010001111111000011010000110010101111010101010101010011101001011001101000100011101000011011001100001100000110011010011110000101000101011111110001011101111
000110111100011110011000110100000101111110010101111101010011000110010111000100010010110111101000010010010110111011110000111101110000011000010000110101111001000101100111000101101000
010010101000101000000111100011000110010011010100001000011000101100100100100010010010110101101101110001010110011010001110001101000110001111010110010000111010001100010011111111001110
1110011011011111011101001010001111001110011100000011010010111011101001000010010000110001111011101110000011110111100111001100
110010000000000010000011111100010000111001111010100100101100001001100000000010111111000101001011011010111010100101000001100011001000010100110111110010001100000110101001100010110101
010011100001000110101101001010111101110001101111011011111000111001110000101011111010011010011000001101110101010000110011000100000011010011000100001100001000101111100010001101001111
010111110110110110101000000011110010001000100111010000100100000010100100111010100001101000100101010000111000000111101000000110001100110100010011000001001001111101011011111101100011
001000101110101011001011001000000111111001111000111010111000000111101101100101110111100011110101100010001010101101010000110010100100110111001110010010100001100000110111101101010001
001001010011110110100010011001001001111010010011011111010101100010101000001101001111100111001111110011011000101101101010011011100111010010100000011110110001011101001111000001000011
1110110101110000011010100110101110100100000100001000010110110110111001000010111111101101001001111001011001011011110111100100
011111111000101111101011100011010110111011000010100010100110001100001110010010001100010010100001100111100000111101101111000111000101110010011111011110000011010111100000100101001111
011110100100011111111011010110110111111100110001000100001110001001010100110100110110001100111011110111000010001100110011001001001110100010001110011001100100110101111110011111111010
010101011011001000100100010011101110010110001001010111100101010101000110001001011111010000010110011001011101111011100001011101010011000101110110011111011010010110000101111100100111
111001001110101000110010100111000010011000110100101101101100100010101100010000000111000000100100101010001110110000111000011000100101010001101111000101001100001000001011000011001111
111100111011011010110000110100111100111111100100010001110000001001111110101110010110110000111011101101001000111010001010101110111100100011101001000101111110111100011001001000000001
0010011010011010111010110001001001010100010110110111100010101010001101110100001110000111011111001111111010110010001011000100
010101100101011110001001011011101011111100110111001001001101101001111011010010001110010110111101000001011111001000100010100110010100111101111001110100111001110111011010011110110100
100110111001111000001011010100101101101110010010011010100100101010011011011101010100111111000101111010100010011011011000100101001010101001011110101010011100000011111000001100110011
001010011001101000001100100110000101001101001010100110100001100111000111011011111110101110001101000111001001011111100000001101010000100101000101101101011000011111000111011001010001
110100101001011000110010011011101100101110011010100111100100100101011001000010000101111010110001001001000000101010001010110111100101111101110001111000001101001100110010001100101011
110101101010100011000111000111000100111101011000111110011100110100111111000101110100010101101000100001011000110011010100011101001000000011011111001010100011001001110010011100011011
0111100001100001110111001010111101110111110101100101000111010011001010011000000110100111010001000100101110100101001110011011
001011100110111000110000000010001010010001000100000001101010100110011000010100111100110000011001111111110100110010111111011101000110011001011101010111000011110010010010011101011000
011010111101000111001001101001000010101101111100100110110010001110000110010010110101011100111111111001001001100000101101001010011010000111100001110001011011000001001000100101100110
110000100110011010110111000110110111000000010011010000111010101001000111000100100100000110011101111110100101110011101101011111110011100011110100001101100100010000010101001001010110
000000101111001010000100111010110001101000100010100010001100101101011010111010111110101010000001100111000011100111111010100110111100110000111010111001001010001100111010010011001110
110001000000000110010101111101000101100100001100010111011100101110000000111111100100111101110100101100100110011101010110010000111010011001110110000001111101100111011111111000111111
1111000100110011100111011100110000100001000101001100001011001110101001100111000111100010111011010001001101010011010110000011
001011101111100100101000010010000011111000000000010100110101110011000111110110101101000110011010010101111100010110001101100000111000001101000010100001011000110001010110111111110111
111110001100000110110011111111111101000011111010010000111001010001011110001100010110110001101111010000100111010100011000000001011010111010100111010001011000011100111100000110110011
110010010010000011000011110110000010001001110010101000001011101101100101101110000111100011100000001111100001001101100001111000100001001111101110010111000011101110101000100000001111
100011001011110100001101101011001000101011100100010100100001000000111001101101001100100000001101101111011000010110100100110001100101100010000000101011011110100101100111001010011101
010110110110101100101110100110000010100100010000111101101010110100010111100100001010000100110100000011010110101110000010000010010000011110100000010010001111010100110110110010011111
1000110000001010011101001100010111001010011000011001100000011101111101011100101011111101000010011011000110011010100001101001
111010001110100010100110001001111001110001111011001010111001100010011011101001011010110010000011101101001001101101111010111010110111101100000100001111100000101001110111000111111110
110110100010011010001010011010000010100100101110011100101001101011101110100110001000110111101001111110111001010100011000100000101100100111011001111010001011100101001011111111101011
101101101000111110111111101101001110000010001011010010111001001010011101110100110110110111111100110111010000000001100000111010010100110110000101100111011011000010111111101010111111
111111110111111000110110001101100111111101100001101100110011111011111011001101101101011011010000100001101100101110110011100110110010101111110010000110110100011000111110001111111011
100011011111001010110000100000010010110010100100000001100100101010110000101111101100101011111101000011001000101101010101111101000100110010000001110011011101111101001010101010100111
1101010000101010111001000111000000111101101011110011100010100111011010000100110101001010000001101111010100101010000001110011
