100100110111011010001111110101101001000100001011000010010110100000100111111000111010101111000000111001101000111001010000001100101001001001100010111110100111101010001000110110011101
011100100000001011010100101111011011011010101100101100110110011011101011010100101101100111000111100001110100001010010011100000011000111101110110000011101110000111011000011110011010
000010100000101101000010001001000001011010100100000111000001101111101010001001101011001110011110010101110011011010111011111101110110111100100001101100110011000110000100101100010110
101110001100011001010010000111111000010000011011100001011001100000011001011110001101110001110110011101010011011011100000010011011010100000010011100110100000110111011011100111100101
000101110100000100011100010011010111100111100111010111101100101011110100001111000110011000010000010100111111111011011000101001001101011011111000101100111000101001101110000000100001
1011000100101110000010001100011000100000001010100001010100100101010000100010100011100110100111110100001111000111011101011100
110111001111100101011001101011101011001100001111101110010001001011101001100100001110101000110001111001001110010111100111000101110111010110010110001101000110111000010100011111111100
101000011101100110111101000010011101010000111101111100110010100000111100100000011000011000000001011110100101100000000000110000010110001010100001011001011110110101101100000100001110
011111011000001111101100101101100100101110111010000011010011110110101010101101011011110011011000100010011101000100001111011000001001101100000001100101010111000000111110011011011011
010011110110111110001110110010000001110011000000110010100010111101011011001000101101111000100111010110110000000000011111100101010100001100010010011110010011000000001100010100101001
110100101111001101001101011110000111011001110010001010100000000010000100011100010100100000011011011011011011001111101100000111010011001001001101101011000010101011110110011110100101
0110101101110011100000000011001110001001001010101101001010010011000001111001011010001100000111111101001010010100011101001110
110110001111001101001011111110110000001111101101000111010101000101010011111101101010110001000011101100111110000100111010001000110010000101001001111110101001110011011110011110111000
001011111110010100000000110001101001101111000100100010001000100111010111100100100001101101111111110111111101011111001011110101111011000010001110000100110101110000100110011110011000
000011101110100101011111100011010111010110011100111111001100000101000000110001011111110010101111101001101010000001101100111011100011000010011111100101011110011010100011111111111100
100110011011111000011000111100001000001100010101100001011111011010000010111001101110001110101000010000001001010001001101001101010101010000011101010001000011011101000110111011011111
110100000101010001111110111110101110001001110011000000101111010001001100001001100011010000011100101110001010110011110111100011101111101000111010001010110110100100101100111000011000
1111011110010011010100100010110011110110001110010001010010010001011100111010010000111000001100001111111010011010100000001111
110101111001110110101001111010011111011101011101101001111001100011100001000010110011011110101100001001010000010000111100101001000011001111011110011101001111110001001010000101011010
100010100000100011011100100101011111101001100010110101110100001101011001011111011111101111000011001100010010000100100111001011001000101000001111110110110101110100100000110000110101
000111101011010110110001000111100000001001001010110100010100000111111011010110100000110010000110010000100101100101001001001011111101010110100010010110110000010101101010100111001011
110110011011111001001110010100000100100001100001000111000101110011101101001000010111100101010010001000110011100101000010001011011011000110101110100110111110111101010000111110100100
000010100111011110101110000110100100011010000100100011101100110010011000101010010010100110110000101010111010111101001011110111101001101110000101000010110100000001100010111011000111
0110100001010000011101100101101011011110110101010000100001110011011000010011011100110110111001001111100001100111100111011111
110100110010100010110001101101001100101001001011101000011100111011000111111100110011000010011111001111110011110110100110110011110101011011010000100110100001010100001101110011111011
100100011100011100000011000001011100110100101011100010100010100011110000111100111100100010000101100111101010100000011011110110011000010010001001101111000111011111100000111000111111
111011101100100010000101110110101111100110000100110001101001100100010100101010100011101010101101000010010000010000011100101000101101100000011001000011111001110001101001100111101101
000111101101100001111010110101101111011111111000001100001001101011111111000001011001101010000111100000110101010110010011011010010110110100001010000000110111100010110100111010111011
010100100110001010001111000010111001001100000111000110111010001101101000010000100100000010000111000100011100001100100001000001100000111010101011001011010011111101011001100110100110
0011110100001010110101100101000011001100100110111100111010011110100111111100110001011111100011011011101100011010100101101111
001101110010001111100100111010000011101001001000111001100111010000010001010000100110100011011011101111100101110110111011111010111010011001111111000011001000111110010100100100110011
111010000111110110110011011011101101000110001110001100110111000110011110010111001010111010011000010111000101110001111100101110011111101111001101010000010111010001100000111001010010
000111011101000011100100000001010110011111000011100100101010111110101011000110101000110001100111101000000100010011010110000110010010011011010010101111010100001110110011111110010001
010110101010001011000111011011000101101000111111100101101101001111011100110110010001100101011110100101100100100011100001101001010001000100010010001001101100010101110010111111010101
110101010001010001101111010000100101011101111010101011011100000101110001011011100011110101000011000000010010011011000001010011000000000011011011001011110111001011001101000001110111
0001000110101011100001011100000010001111000110001001110011110010001011010011000111110110010011100000101001111111111111010001
010100000101010101110011100010011111000000001011110110000100001110001110101110110011001011110010110000111111000011011010001111000101011111011110000110000111100011111011101011101111
010110111100011111110110101001010011001110110111011000101000001000010011111111100010101001010100010110101010010110001111011111000111111110100111111011111101001010010110101101001000
010110001000101011010010011110000010100010111111011101101000010000110010101000111111111011101000010000001001110111101101010100101111010101111100100110010000101111000101010000000101
110110110011011001110011000010011101000001101101111000010100110001000011001010001110111000011000101110011111111111101110000010111011111001101011000001111001111010100110010110000001
010011101110111111001000111110110101111101001011011111100000011100000110011001111110110011011111011101101011010101001011000111101110000000100101011101110001000001000010010010001100
0001111100011100010011110111011110110010101010000000101110010110101111000110000000010100110110100011110000001000011010000011
000011110000111101011100111000010001011111010010000010001011001110101111100001110101110010010011101011111011110110000101001011111100001010010001010111110111100000010100000001111110
011101001000100000111110100011001000110110001100111111011111010010000001101011000011101010010101110100110110011101101100010110010101111000011001001100111010100101001110111000100011
001101000110101110010010111111111011101100110001000101100010111110001001111110111100110110110101110011010010010100001101011010000110000100011101100001010011101010110111111110111001
111001111100010111110100010001010110011111010101111000011010001001001000000100000100010001101011110110011010100001010011110000000010100101110010100010110010000000101111000001111000
011011000000010110001111000011111111100000110010000011110111101110000101010000001110011000101011010010000100011111111000110011100100101100001000000001100001111010000001011111100111
0100011001100101011101011001001011011101011100110111000101100001001101000000100001100000000101100101101011101010110101110000
111001111011110101001111011011100100110001101011000111001101111101111010111100000110101001001010100000100100101110110101011111011001101001001010000011000111111001001001010000111110
111100001001110110110001101000011011000101011111000100000100100111101101010101011010100110110001000111111100011100001110010101000001111011000011101111111110000000001101001001100000
001011101000001010110111110111000001001110100011001011110101111011110010000110110001001110111001000101010101011101101001011000011010101011001100011101110000110100000101011011111001
100011001011111010011011010011110011001001001000001011111110111001101101100111011000111100101111001111111001000111110010111011111001101100000110111100011001001000010011101100011000
010101101101001101001010011110000110110010011000011110111010111101000110101010110110111010100011010010111011101000110110001101001010001001100011111110111100110001110110111011000001
0101001100000000001011111110011110011111010001101110101101100000101000110010000000000000001100101000101000101010100000000010
100111101000010101000111101111101001011010000110110010101101110100101011110010011100001000101010110101101101111000100010101001101100101101111100110111110111001010100110011111010000
101100111100110111011101010111100110100011010000100110101111011111011110101010101000101100100111001110000001001111101111000100111010111110001001001011010101110110001111110101010000
100101111101011101000101111111000010100111111010101010011000110111101011100000000001110000111000100011001000110010110010100000101001010000101001110010010011000010111110110000100111
111100000110101101110010111010110111010001010011011110111011101100000100101100001011111101110111101010110100110111001101110010001101101001110111101001010011110011011001001101100110
011000001001011000000001100101001011010111110000110101110100110111101010010111000100011010110100110010010100010001110101100100110110010111001110111101011011110001000011100000110011
0110000101010111010001100101011100111101101001011111110011110100110100110010110001000111000100010000011000111100101110110111