110011110110110011110010011100001111101100100100111110000101110011101001111011010111100000110001010000001000101101110001011010001101000001001110100010101110000110010110000001011000
011101101011001111010100111010001110110110011011100100111101111011111011110100000110011010011100101110111001010100101000001110100110010111110100000000110010010011110101010010001011
000001001110011010011110010011100000001011001000110101100101111011110000101100100111011110010001100100000110101110010011011011010101100101011100110010111101010001001110001000000101
111000110010000110111110010010000110111001011000001101011001101101010101001001101110101000010111011101101111111100111001010001101011101100111110110011111100101101010100001101100010
000010011100111100000000111000011100000101010011110101100101010111100110101010100111110100001010001111110101011111111011010010100101010110100010111100011011110101110001110010001111
0010100001111000101101001110110101110100010011100101001001100100111100101110011100000001010111000100111010011001111101100001
101010101000100010110001011110001100011100101001110000111000101110001111000000100010111000110111101110111000001100111010111010011001100100111001001101010100001010000000101000001010
000011010011110100110011110110011101110010010001010000101010000000000110010100010101111110001000010110000101111010010011000000011110000110011100100001110010000110000000110110111111
011010000011110101010010110000111011010101110011000011100000110100101100110101100011110001111001000110100011110100111010001100101110111010011100010010101110000000000011001000111111
011111000101000101111010011010111101010100010000100101011000111011100011001001010111100100110000101100101110100110100111110101100111001100110110011011100001111110000100010110000111
101011001011000011011000100100000001100100010001111100111100101010000101011110000011000101111100011100001000100010100110000011100010110001111010110000011100000101100100011010011001
0011110000001100100101110100110000101000101110100011001100100010100010100100010100111001001111001011111011010100110110100100
001001100111001100111100011100101111011111100110110100111010001100110100101111111110101001101001111110101011110000011011111110001100010111101110000011111010100101100001011010110100
000011001110000010000111110011100100001100000100101010101100001111001011000011000011111001000110011011011111100110110111110100110000010011100000010110111000110101001011110001101011
000110000100011010001111000110100011011110110110101101000100010101100000010101001011101011101100101110001010001101100111000010011110101100000100111101111110000111010100001001100100
001101101101001010110111000110011000100001111010001011011000111011110000100110100011000110111001010100101111101111100101101001010010011101100101000101001010100110101001011110111000
110010100100101101100010111101101100011000000001001111111111101111100011011111010000100010110110010110101101100001001010111000011011001110000111011011000100111110100101100000010011
1001110100100010001101011010010110000011110000110111001110011000111010101101110000100001100011101010010111100100110110011001
101111110010011011010111011001101101101001100000111000001000100100011100001101001010110111000101011010101110000101111011111100010000100100000110010010011010000001010010010001101110
001111110101000110000111011000111001000001101001100011100011000010110111101101010010000110100110010111100010010001000100111001000011111100000110010111101011010000000000100100101101
101010101100110110100001000010011000000100011001011001010111001100111100011101001100101100011100001100111001110101000100011011011111101111100011100001001111010110010111010111101110
110001000100100100010110110000010011011111010000010100111001110010101110000111100110101101011100111100111111101110100100110111101010000001110100100111000110111110001111110000100000
001011001110111011001010000011001101011100101111001111111001010100010000000110110110001000011010001001111101010011111101111111010101100011111100001100100011001100010100010010011011
1100110111011101011101010010011111010100110101010111101110011100010001110010101100011001011001000001110001100111010110100011
010011100111100111101101110000101111000111010011111010111001011110101100000010010000001111011001011110110011000010111110001000010011001111111101000100110110010001010101110001101011
000001010111110010110110001101101101010011011001000100001110000111000100101110111110010001100101100001101000001001011111011010100110101110100011100000011011010110111111001011101001
101000100111111000111001010100110111101001000011100110111011100110001110100000100001010011011011000010001101110011010100001110100000001110010010000011111100111010010110100000100001
101100110011011110111111000000001111100100001111011110000010111111111010111001001000101111111110100011110010110100001011000100110100101011100110001111001110100010101000100001011010
100000101011111011011010011111000011101001000110000101010000000111101101001100111010010110100001101111010011100010001111110000011111100110001011010011111101000000011100101011011011
0001101101100101111000010100101111100010111100000111101010110101100011000000100110101110000110100101001001100000100010111011
011111000011100100111010010101110000010111010001110011101001001111010010111000100111111001100110101011011100110010110011101000111011110110001011100001000010000101011110100101110000
101011010010101101100001010010100010111010011011011001101101111100110101101111011110100110101110101000000011001001111110100000100111111101101100100101010111100100001100101010111111
000100100110111110111001001011101101101011111110001001000010100111011110001011110101001110000010010111011010100110011001111100000011010101111110100010101111001010111101001101100101
100101111001111101010100101101101010001000000111000010010101110101100000101101110000010010001111111101000001010011000011100001011110111000110000000001100101001110010011001000101010
001001010011001010111011100001101111001100100011111010011010010110001011110101010000001110010010101111101000101011000001000110001010100101111000101000011011110010011011010100000010
0101011110110110001101011111100000110101001001110000111101001001010100010010101100011000000000011010111000111001111000111010
000101000011011011111000010000111010000010111100100110100110000000100001101000101111011011110001011010101010001100010110000101110000111000100110011110011100100000011101010110100110
101000101001000000101101110001101111001111111000001001111110010111110111111011011100011011001000100101010111001101001001001010000101100100001000001100000000110101001100100010010011
000110011110100011101100100000100010100001011011011101001101111101000001100110111101001111001111000111100101110001101010110100001001101111010011110011010110001100100100100011000011
010011011011101001001100100111010000001110111110001110101111011010010010001101110001011000111001101100110101001010101010100011010101100100011100110010100110111000000110101001011110
100100010110000101010110110101110110010110010110111110110011011111000101100011111111111010001000010111100110001100100000010010000101100110000001011100010111101011011111100001111000
0110000011111111010100011011011001001010110110110000011111111111111101101010000101010001101001111011110100101101110110101111
100100000110111011011101100100001010011100110100101000000111111001011001010010111100000100111110110101111001100100110001100010000101111010011111001111111000011000101000111100001110
000111111101010100001100100011001101010010110001100100000010111000101011011101010000110100011100000100101010001111110101001111101110010000001110010101000100010101110000010000100011
110111000000110101000100111011001001000110001010111010111110101010000000010101110111101000111000010111101001110001010101101001111001101011111100010101001000101011000110001010111110
100011011011111100001110000100010000000101100101110011111100010011011000001010101111111000011111011101011110101011101010010000110011100110100110111101100001001110100011100110110001
110110100001011010001100011010001111011000000101000100001101001000001110011000110001001101101101110101101101110011000011101111111101101011001001111111110000110101101010010000111110
1011010110101101001000001011110110110000001011011110010100111110101100011010001110010100000100011001000110111001111011000111
010010101000011010001111000010101100101011001011110111100000100000000011011101111001000100111101110000100101001110010001110011111011001000110001010101001001011010010011101110101011
100101110010001011100100101101010100111001010100000011011110001111101101001000000101100011000111101001001001000010100101100101111000110100110111001101011101000100110100111001101111
001000111111101010100110001100010001111011010000000011000101100101100000101010101100010101011001111111100101010001100001101101011001100010001101110000101100001111010101110001011011
100100110110101011010010111111001011001010011010111110010110100011110110000101011111111100100001111110011101100101110110101011000100111101000011100101011001010111011000000100101000
101011001010000110010001110011110010100100011110010111010101110001010011110111010001111100110001010100000011101101100001010011010000111001101111010101001010010000101100101110001110
0100000010101111010001100010100011111011010111011101000101000010000010110011100000111000001000010000000011100101011001000001
010101001001100000110100101110001110110001001000101000100100100111101101100111100010111010100100111010001010001101011101001100000010011100111011011000110010011000111100101000000010
000010101001101110101000011111001100100001000000000000010011101001001110010101000010110001001000100001100100110111000100100000000110101100010101110001100010111010001001000001000000
000000100001010010000111011101010000110001001001001101000111110010000110101010110011010100110000100010000100010000011011101011000010110101011000000110001110001111001101010010001111
101101101011111100011000110011101110011011010011111000100110001100000001000010110110010010011110000111010000110111110000100010001100001111011101100100000110100110011011001011010010
001110001001011010000110000011010101100000100010101000010110111101000110001110000001101100101111010101110011011001111100001111011101100111100001010000000100010010001010101010110111
0000100011101001011011010101000000001100000111011010010001101110110100111100010101001010111100010010010010111101000101011010
