01000000000000001010000000000000010000000000000000100000000000000110000000000000000000000000000011100000000000001100000000000000100000000000000011000000000000001000000000000000100000000000000011100000
00000000011000000000000011100000000000001010000000000000000000000000000010100000000000000100000000000000100000000000000011100000000000000110000000000000000000000000000011100000000000001010000000000000
11000000000000000100000000000000100000000000000011000000000000001000000000000000000000000000000000100000000000001010000000000000000000000000000000100000000000001000000000000000101000000000000011000000
00000000111000000000000010000000000000000100000000000000100000000000000011100000000000001110000000000000011000000000000011000000000000000010000000000000110000000000000011000000000000001110000000000000
00100000000000001100000000000000111000000000000010100000000000000000000000000000110000000000000011100000000000000110000000000000000000000000000000000000000000001010000000000000101000000000000010100000
00000000111000000000000010100000000000001000000000000000011000000000000011000000000000001100000000000000111000000000000010000000000000001110000000000000111000000000000001000000000000000010000000000000
10000000000000001100000000000000011000000000000011100000000000000100000000000000101000000000000011100000000000001110000000000000010000000000000010000000000000001110000000000000011000000000000000100000
00000000001000000000000011100000000000000010000000000000011000000000000010000000000000000000000000000000101000000000000000100000000000001010000000000000011000000000000001000000000000001010000000000000
10100000000000000010000000000000110000000000000011100000000000001010000000000000011000000000000011100000000000000000000000000000001000000000000011000000000000001010000000000000000000000000000000100000
000000000000000000000000010000000000000001000000000000001110000000000000011000000000000000000000000000001100000000000000011000000000000010000000
00000000000000001010000000000000100000000000000001000000000000000110000000000000101000000000000000000000000000000100000000000000011000000000000001100000000000000100000000000000111000000000000010000000
00000000011000000000000000100000000000001100000000000000110000000000000011000000000000000000000000000000100000000000000001000000000000000100000000000000010000000000000001100000000000001110000000000000
01000000000000001010000000000000111000000000000011100000000000001010000000000000110000000000000010000000000000000100000000000000001000000000000000100000000000001000000000000000110000000000000010000000
00000000011000000000000010000000000000001100000000000000000000000000000001000000000000001010000000000000001000000000000011000000000000000110000000000000000000000000000001000000000000000000000000000000
00000000000000000110000000000000111000000000000001100000000000001010000000000000000000000000000010100000000000001110000000000000001000000000000011000000000000001010000000000000011000000000000010100000
00000000100000000000000000000000000000000100000000000000011000000000000010000000000000000000000000000000000000000000000010100000000000001010000000000000111000000000000000100000000000001010000000000000
00000000000000001000000000000000011000000000000001100000000000000100000000000000001000000000000011100000000000000010000000000000000000000000000010100000000000000110000000000000011000000000000010000000
00000000110000000000000001100000000000001000000000000000101000000000000000000000000000000110000000000000100000000000000011100000000000001110000000000000110000000000000000100000000000001100000000000000
10100000000000000100000000000000101000000000000000100000000000001100000000000000111000000000000011100000000000000100000000000000111000000000000000000000000000000100000000000000011000000000000000000000
000000001000000000000000000000000000000001100000000000001110000000000000111000000000000001100000000000000010000000000000010000000000000010100000
11100000000000000100000000000000100000000000000001100000000000000110000000000000101000000000000010100000000000001100000000000000101000000000000000100000000000001100000000000000000000000000000000000000
00000000011000000000000000100000000000001010000000000000111000000000000000000000000000000100000000000000010000000000000010100000000000001010000000000000001000000000000010100000000000001000000000000000
10000000000000001100000000000000101000000000000010100000000000000000000000000000001000000000000011000000000000001110000000000000010000000000000010100000000000001010000000000000110000000000000011100000
00000000110000000000000010000000000000001110000000000000011000000000000011100000000000001100000000000000001000000000000001100000000000001000000000000000110000000000000010000000000000001110000000000000
10100000000000000010000000000000010000000000000011100000000000001000000000000000010000000000000011000000000000001110000000000000100000000000000001000000000000001000000000000000001000000000000011000000
00000000101000000000000001000000000000000100000000000000010000000000000011000000000000001010000000000000110000000000000000100000000000001000000000000000001000000000000000100000000000001000000000000000
01100000000000001110000000000000010000000000000000000000000000001010000000000000011000000000000001000000000000000110000000000000101000000000000011100000000000001000000000000000000000000000000011000000
00000000101000000000000000000000000000000100000000000000011000000000000001100000000000000100000000000000100000000000000001000000000000000000000000000000000000000000000010100000000000001100000000000000
10100000000000001010000000000000000000000000000010100000000000001010000000000000001000000000000010100000000000001110000000000000100000000000000010000000000000001010000000000000010000000000000011100000
000000000110000000000000000000000000000011100000000000000010000000000000010000000000000011000000000000000010000000000000001000000000000001100000
01000000000000000010000000000000101000000000000001000000000000001100000000000000010000000000000011100000000000000100000000000000101000000000000000000000000000001010000000000000000000000000000000000000
00000000101000000000000000000000000000001110000000000000110000000000000010000000000000000010000000000000000000000000000010000000000000001010000000000000001000000000000010100000000000001100000000000000
00000000000000001110000000000000010000000000000011100000000000000110000000000000011000000000000011100000000000001010000000000000001000000000000001000000000000000100000000000000110000000000000011100000
00000000000000000000000010000000000000000000000000000000011000000000000010000000000000000000000000000000011000000000000010000000000000000000000000000000110000000000000001000000000000001110000000000000
10000000000000000010000000000000101000000000000001100000000000001010000000000000101000000000000010100000000000000100000000000000011000000000000010100000000000001010000000000000011000000000000010100000
00000000110000000000000011000000000000001110000000000000111000000000000000000000000000000100000000000000110000000000000000000000000000000000000000000000011000000000000001000000000000000000000000000000
11100000000000000000000000000000100000000000000000000000000000000010000000000000100000000000000001000000000000000100000000000000001000000000000001000000000000000100000000000000000000000000000000100000
00000000010000000000000001100000000000000110000000000000110000000000000010000000000000000000000000000000110000000000000000100000000000000000000000000000011000000000000001000000000000001010000000000000
01100000000000001010000000000000111000000000000011100000000000001010000000000000100000000000000010100000000000000010000000000000110000000000000011100000000000000010000000000000101000000000000000000000
000000001000000000000000011000000000000011100000000000001010000000000000111000000000000001000000000000000100000000000000001000000000000010100000
10100000000000001110000000000000101000000000000010000000000000000010000000000000110000000000000011000000000000001100000000000000001000000000000010000000000000000000000000000000110000000000000001000000
00000000101000000000000011100000000000001110000000000000111000000000000010100000000000000000000000000000000000000000000000000000000000001000000000000000011000000000000000100000000000000110000000000000
00000000000000001000000000000000101000000000000001100000000000001000000000000000101000000000000010000000000000000000000000000000101000000000000001100000000000000110000000000000001000000000000000100000
00000000100000000000000000000000000000000100000000000000111000000000000001000000000000000000000000000000111000000000000001100000000000000010000000000000101000000000000001000000000000001100000000000000
10100000000000000110000000000000110000000000000000100000000000000100000000000000111000000000000001000000000000000000000000000000111000000000000011000000000000000100000000000000000000000000000000000000
00000000100000000000000000100000000000000000000000000000011000000000000010000000000000001000000000000000010000000000000010100000000000000000000000000000100000000000000000100000000000000110000000000000
10000000000000000100000000000000101000000000000010100000000000001100000000000000101000000000000001000000000000001110000000000000100000000000000011000000000000001110000000000000001000000000000010100000
00000000100000000000000011100000000000001010000000000000101000000000000001100000000000001110000000000000011000000000000000000000000000001010000000000000100000000000000010100000000000001110000000000000
10100000000000001000000000000000001000000000000000100000000000000100000000000000100000000000000001100000000000000000000000000000011000000000000001000000000000000110000000000000110000000000000001000000
000000001000000000000000111000000000000001000000000000000000000000000000011000000000000001100000000000000100000000000000101000000000000010100000
01000000000000000100000000000000001000000000000000000000000000001010000000000000101000000000000000100000000000000000000000000000101000000000000010100000000000000000000000000000010000000000000001100000
00000000001000000000000011000000000000001110000000000000001000000000000011100000000000000000000000000000100000000000000010100000000000001010000000000000000000000000000000100000000000000110000000000000
10000000000000000000000000000000011000000000000000100000000000000110000000000000111000000000000010000000000000001110000000000000001000000000000001000000000000000000000000000000110000000000000010000000
00000000010000000000000001000000000000000110000000000000111000000000000011000000000000001110000000000000010000000000000011100000000000001010000000000000000000000000000011100000000000001010000000000000
01000000000000001000000000000000101000000000000001100000000000000000000000000000100000000000000000000000000000001010000000000000010000000000000001100000000000000010000000000000101000000000000000100000
00000000011000000000000011000000000000000100000000000000010000000000000010100000000000000110000000000000100000000000000010100000000000000110000000000000010000000000000000100000000000001110000000000000
00000000000000000010000000000000010000000000000010100000000000001010000000000000010000000000000011000000000000001100000000000000011000000000000001000000000000001010000000000000010000000000000001000000
00000000111000000000000011000000000000001100000000000000100000000000000000000000000000000010000000000000001000000000000001100000000000001100000000000000010000000000000000000000000000000100000000000000
10000000000000001100000000000000100000000000000000000000000000000000000000000000011000000000000000100000000000001000000000000000100000000000000001100000000000001000000000000000010000000000000000100000
000000001100000000000000010000000000000001000000000000001110000000000000101000000000000011000000000000000000000000000000000000000000000001100000
11000000000000001000000000000000101000000000000001100000000000000010000000000000001000000000000010100000000000000110000000000000000000000000000001000000000000000100000000000000001000000000000010000000
00000000110000000000000000100000000000000010000000000000101000000000000000100000000000001110000000000000001000000000000011000000000000000110000000000000001000000000000001100000000000000010000000000000
01100000000000001110000000000000101000000000000001000000000000000000000000000000010000000000000010100000000000001110000000000000000000000000000000100000000000000000000000000000010000000000000001100000
00000000111000000000000011100000000000001100000000000000101000000000000000100000000000001100000000000000011000000000000001100000000000001000000000000000001000000000000000100000000000001110000000000000
11100000000000001100000000000000100000000000000011000000000000001100000000000000110000000000000010000000000000000000000000000000000000000000000011000000000000000100000000000000111000000000000001100000
00000000101000000000000001000000000000001100000000000000010000000000000001100000000000001110000000000000001000000000000001000000000000000000000000000000100000000000000011100000000000001000000000000000
00000000000000000110000000000000111000000000000000000000000000001110000000000000011000000000000011000000000000000110000000000000001000000000000001100000000000001100000000000000101000000000000011100000
00000000101000000000000000100000000000001010000000000000100000000000000010000000000000000100000000000000110000000000000001100000000000000010000000000000000000000000000000100000000000001000000000000000
00000000000000000000000000000000101000000000000010000000000000001000000000000000001000000000000001000000000000000000000000000000111000000000000000100000000000000010000000000000010000000000000000000000
000000001000000000000000011000000000000011100000000000001010000000000000110000000000000000000000000000001000000000000000101000000000000011000000
00000000000000001010000000000000110000000000000001100000000000001000000000000000010000000000000010100000000000000100000000000000111000000000000010000000000000001000000000000000111000000000000001000000
00000000000000000000000000000000000000000010000000000000000000000000000001000000000000000000000000000000001000000000000010000000000000000010000000000000100000000000000011000000000000001100000000000000
11100000000000001000000000000000010000000000000011000000000000000010000000000000001000000000000010100000000000000110000000000000111000000000000010000000000000000100000000000000100000000000000010100000
00000000100000000000000000100000000000001100000000000000100000000000000010100000000000001000000000000000111000000000000011000000000000001110000000000000000000000000000001000000000000000010000000000000
10100000000000000100000000000000000000000000000011000000000000001100000000000000111000000000000000100000000000001100000000000000000000000000000000000000000000001010000000000000110000000000000000100000
00000000001000000000000000000000000000001100000000000000110000000000000000100000000000000000000000000000001000000000000000100000000000000110000000000000111000000000000001100000000000000000000000000000
11000000000000001010000000000000100000000000000011100000000000000100000000000000011000000000000001100000000000000110000000000000011000000000000010000000000000000000000000000000011000000000000001000000
00000000100000000000000000000000000000000000000000000000110000000000000011000000000000001110000000000000011000000000000001000000000000001100000000000000011000000000000010000000000000001100000000000000
11100000000000000100000000000000110000000000000011100000000000000010000000000000100000000000000001100000000000000010000000000000000000000000000000100000000000000000000000000000101000000000000010100000
000000001010000000000000101000000000000000100000000000000100000000000000110000000000000011100000000000000000000000000000110000000000000001000000
11000000000000001000000000000000000000000000000000100000000000000010000000000000011000000000000011100000000000000110000000000000110000000000000010100000000000001010000000000000110000000000000001100000
00000000001000000000000010000000000000000100000000000000011000000000000001100000000000000100000000000000010000000000000000000000000000000010000000000000010000000000000010000000000000000110000000000000
10100000000000000010000000000000111000000000000000100000000000000100000000000000011000000000000000100000000000000000000000000000100000000000000011100000000000000000000000000000000000000000000011000000
00000000010000000000000000100000000000001000000000000000110000000000000011100000000000001010000000000000010000000000000011000000000000000100000000000000001000000000000000100000000000001000000000000000
01100000000000001110000000000000010000000000000000100000000000000010000000000000100000000000000001100000000000000000000000000000011000000000000001100000000000001100000000000000001000000000000011100000
00000000001000000000000001100000000000000000000000000000010000000000000010100000000000000010000000000000011000000000000000000000000000000010000000000000000000000000000010100000000000001000000000000000
11100000000000000100000000000000011000000000000010000000000000001100000000000000001000000000000001100000000000001110000000000000101000000000000000000000000000001000000000000000110000000000000011100000
00000000100000000000000001100000000000000110000000000000010000000000000000100000000000001000000000000000111000000000000010100000000000001110000000000000101000000000000011100000000000000110000000000000
01100000000000001110000000000000101000000000000001100000000000001100000000000000111000000000000001000000000000001000000000000000110000000000000001100000000000000100000000000000000000000000000001000000
000000001010000000000000111000000000000010000000000000001110000000000000001000000000000010000000000000000010000000000000100000000000000001000000
11100000000000001100000000000000100000000000000011000000000000000000000000000000101000000000000010000000000000001110000000000000101000000000000001100000000000001000000000000000101000000000000010100000
00000000110000000000000011000000000000001000000000000000111000000000000001000000000000001110000000000000100000000000000010000000000000001010000000000000010000000000000011100000000000001000000000000000
01100000000000000000000000000000001000000000000000000000000000000100000000000000010000000000000011100000000000001110000000000000000000000000000001000000000000000000000000000000111000000000000000100000
00000000101000000000000001000000000000001110000000000000111000000000000001100000000000001000000000000000000000000000000001000000000000000010000000000000000000000000000001000000000000000010000000000000
01000000000000000100000000000000001000000000000000000000000000000000000000000000010000000000000010000000000000001110000000000000011000000000000010000000000000000000000000000000100000000000000010100000
00000000010000000000000000100000000000001110000000000000110000000000000000100000000000000110000000000000100000000000000001000000000000000010000000000000101000000000000001100000000000001000000000000000
11000000000000000100000000000000110000000000000001100000000000000110000000000000110000000000000010000000000000001110000000000000100000000000000010000000000000000100000000000000111000000000000001000000
00000000101000000000000000100000000000001010000000000000111000000000000001000000000000001000000000000000111000000000000001100000000000001010000000000000010000000000000010000000000000000100000000000000
10100000000000000000000000000000001000000000000000000000000000000110000000000000100000000000000010100000000000001000000000000000111000000000000000000000000000001000000000000000100000000000000001100000
000000000010000000000000011000000000000011000000000000000010000000000000010000000000000000000000000000001010000000000000110000000000000010100000
00100000000000000000000000000000101000000000000010000000000000001010000000000000001000000000000010100000000000000000000000000000101000000000000001000000000000001110000000000000100000000000000001100000
00000000111000000000000010000000000000000100000000000000000000000000000011100000000000000010000000000000110000000000000011000000000000001000000000000000001000000000000010100000000000001000000000000000
11000000000000000110000000000000100000000000000011100000000000000110000000000000000000000000000010100000000000000010000000000000101000000000000001000000000000000000000000000000100000000000000010000000
00000000000000000000000001100000000000000110000000000000001000000000000011000000000000001000000000000000111000000000000001000000000000000010000000000000110000000000000001100000000000000000000000000000
11000000000000001000000000000000000000000000000011000000000000000110000000000000101000000000000000100000000000001110000000000000011000000000000011000000000000001000000000000000100000000000000011100000
00000000111000000000000001100000000000001110000000000000110000000000000010000000000000000000000000000000010000000000000011100000000000001000000000000000000000000000000000000000000000000000000000000000
01100000000000000100000000000000010000000000000001100000000000001000000000000000001000000000000010000000000000001000000000000000111000000000000000100000000000000000000000000000001000000000000011100000
00000000001000000000000011000000000000001100000000000000011000000000000001100000000000000000000000000000010000000000000000100000000000001010000000000000101000000000000001000000000000000110000000000000
10100000000000001010000000000000001000000000000011100000000000001000000000000000100000000000000001000000000000000100000000000000111000000000000010100000000000000110000000000000101000000000000011100000
000000001110000000000000010000000000000000100000000000001100000000000000000000000000000000100000000000001000000000000000111000000000000000100000
01000000000000001110000000000000100000000000000001000000000000000110000000000000111000000000000001100000000000001000000000000000101000000000000001100000000000000010000000000000010000000000000000100000
00000000011000000000000001100000000000000010000000000000010000000000000001000000000000001000000000000000110000000000000011100000000000000100000000000000101000000000000010100000000000001100000000000000
11000000000000000000000000000000111000000000000001100000000000001000000000000000101000000000000011100000000000000010000000000000110000000000000010000000000000000010000000000000100000000000000011000000
00000000100000000000000001100000000000000010000000000000000000000000000000000000000000000010000000000000001000000000000001100000000000000000000000000000101000000000000000000000000000001110000000000000
01000000000000001010000000000000011000000000000000000000000000001110000000000000100000000000000010100000000000001010000000000000100000000000000001100000000000001110000000000000010000000000000000100000
00000000010000000000000010100000000000001000000000000000011000000000000010000000000000000100000000000000001000000000000001000000000000001100000000000000010000000000000001100000000000001110000000000000
00000000000000000000000000000000010000000000000010000000000000000010000000000000100000000000000000000000000000000100000000000000010000000000000001100000000000000100000000000000010000000000000010100000
00000000100000000000000001100000000000000100000000000000000000000000000001000000000000001000000000000000011000000000000010000000000000001010000000000000101000000000000011100000000000001010000000000000
10100000000000000000000000000000111000000000000010000000000000001010000000000000010000000000000001000000000000000010000000000000010000000000000011100000000000001110000000000000010000000000000011000000
000000000010000000000000100000000000000010000000000000000010000000000000111000000000000001000000000000000000000000000000010000000000000000000000
01000000000000000110000000000000000000000000000010100000000000001110000000000000100000000000000011000000000000000000000000000000101000000000000010100000000000001110000000000000011000000000000010100000
00000000110000000000000001100000000000001000000000000000011000000000000010100000000000001110000000000000000000000000000010100000000000000010000000000000011000000000000000100000000000001000000000000000
11000000000000001100000000000000010000000000000000000000000000000000000000000000111000000000000010000000000000000010000000000000011000000000000000000000000000000010000000000000110000000000000000000000
00000000111000000000000001100000000000000110000000000000001000000000000000000000000000000100000000000000010000000000000000000000000000000110000000000000101000000000000011000000000000000010000000000000
01100000000000000110000000000000101000000000000001000000000000001010000000000000000000000000000011000000000000000110000000000000110000000000000000100000000000000110000000000000011000000000000000000000
00000000010000000000000010100000000000001110000000000000000000000000000011100000000000000110000000000000010000000000000000000000000000000100000000000000110000000000000001000000000000000110000000000000
00100000000000001010000000000000010000000000000010000000000000000100000000000000010000000000000011000000000000001000000000000000100000000000000001000000000000000100000000000000100000000000000000100000
00000000100000000000000001100000000000000110000000000000110000000000000010000000000000001000000000000000100000000000000000000000000000000110000000000000001000000000000000100000000000001110000000000000
01100000000000000000000000000000111000000000000011100000000000001110000000000000001000000000000010000000000000001100000000000000110000000000000010000000000000001110000000000000111000000000000011100000
000000001110000000000000001000000000000000000000000000001110000000000000011000000000000000000000000000001000000000000000110000000000000010000000
00000000000000000010000000000000110000000000000011100000000000001010000000000000111000000000000001100000000000000010000000000000111000000000000001100000000000001110000000000000001000000000000010100000
00000000010000000000000001100000000000000110000000000000001000000000000000100000000000000000000000000000011000000000000001100000000000001100000000000000100000000000000011000000000000001100000000000000
10100000000000000000000000000000011000000000000010100000000000000000000000000000110000000000000010100000000000000110000000000000101000000000000010000000000000001010000000000000101000000000000000100000
00000000100000000000000000000000000000000000000000000000110000000000000001100000000000001100000000000000110000000000000011100000000000001010000000000000101000000000000001100000000000000010000000000000
10100000000000001000000000000000011000000000000010100000000000001010000000000000000000000000000011000000000000000110000000000000101000000000000011000000000000000110000000000000001000000000000001000000
00000000001000000000000010100000000000000000000000000000010000000000000010100000000000001010000000000000110000000000000010000000000000000110000000000000000000000000000001100000000000000100000000000000
11000000000000001100000000000000000000000000000000100000000000000000000000000000101000000000000011000000000000000100000000000000010000000000000010000000000000000100000000000000010000000000000001100000
00000000111000000000000010000000000000001000000000000000110000000000000001100000000000001100000000000000100000000000000010100000000000001000000000000000101000000000000001100000000000000000000000000000
00000000000000001100000000000000110000000000000001100000000000001110000000000000101000000000000001100000000000000100000000000000110000000000000001000000000000001010000000000000101000000000000011000000
000000000010000000000000000000000000000010000000000000000000000000000000001000000000000010100000000000001000000000000000001000000000000001100000
10100000000000000010000000000000100000000000000001100000000000001000000000000000101000000000000000100000000000001110000000000000010000000000000010000000000000000000000000000000010000000000000001000000
00000000100000000000000011100000000000000110000000000000111000000000000000100000000000000100000000000000001000000000000000100000000000001110000000000000010000000000000000100000000000001000000000000000
10100000000000000100000000000000101000000000000010000000000000000110000000000000110000000000000000000000000000000000000000000000111000000000000011000000000000001100000000000000100000000000000001100000
00000000110000000000000011100000000000000000000000000000110000000000000010000000000000000110000000000000010000000000000000000000000000001010000000000000100000000000000010100000000000000000000000000000
11100000000000000110000000000000011000000000000001000000000000000110000000000000001000000000000011000000000000000110000000000000110000000000000010100000000000000010000000000000000000000000000001100000
00000000110000000000000011100000000000001010000000000000011000000000000011100000000000000000000000000000000000000000000011100000000000001000000000000000010000000000000000000000000000000010000000000000
00000000000000000010000000000000100000000000000001000000000000001100000000000000001000000000000010000000000000000100000000000000111000000000000000100000000000001000000000000000010000000000000001100000
00000000001000000000000000100000000000000000000000000000000000000000000011000000000000001000000000000000010000000000000000000000000000000110000000000000101000000000000001000000000000000110000000000000
10100000000000000010000000000000011000000000000011100000000000001000000000000000001000000000000000100000000000001100000000000000000000000000000001100000000000000100000000000000001000000000000011100000
000000000110000000000000100000000000000000100000000000001000000000000000111000000000000011000000000000000100000000000000001000000000000000100000
11100000000000000000000000000000010000000000000010100000000000000010000000000000111000000000000000000000000000001100000000000000010000000000000001100000000000000100000000000000001000000000000010000000
00000000000000000000000010000000000000001110000000000000101000000000000000100000000000001000000000000000011000000000000000100000000000001000000000000000000000000000000010100000000000000010000000000000
10000000000000000010000000000000001000000000000001000000000000000110000000000000100000000000000001000000000000001000000000000000111000000000000010100000000000001000000000000000100000000000000011000000
00000000111000000000000001000000000000001010000000000000110000000000000000000000000000001000000000000000111000000000000001100000000000000000000000000000000000000000000001000000000000000100000000000000
11100000000000000010000000000000010000000000000011000000000000001010000000000000110000000000000010000000000000001110000000000000100000000000000011100000000000000100000000000000011000000000000001100000
00000000111000000000000001000000000000001100000000000000000000000000000000000000000000000100000000000000011000000000000000000000000000001110000000000000000000000000000000100000000000001100000000000000
01000000000000001110000000000000000000000000000001000000000000001110000000000000110000000000000001000000000000000110000000000000010000000000000011000000000000000000000000000000000000000000000000000000
00000000101000000000000001000000000000001010000000000000001000000000000001000000000000000010000000000000101000000000000001000000000000001000000000000000100000000000000011000000000000001110000000000000
01100000000000001010000000000000100000000000000010000000000000001010000000000000110000000000000011100000000000000010000000000000011000000000000010000000000000001110000000000000000000000000000001000000
000000001000000000000000111000000000000011000000000000000110000000000000111000000000000000000000000000001010000000000000111000000000000011100000
01000000000000000000000000000000101000000000000011100000000000000100000000000000100000000000000011000000000000000010000000000000101000000000000000000000000000001110000000000000101000000000000010100000
00000000010000000000000000000000000000001100000000000000010000000000000011000000000000000100000000000000101000000000000011000000000000001100000000000000100000000000000011100000000000001110000000000000
01100000000000001000000000000000111000000000000000000000000000000000000000000000010000000000000010000000000000001000000000000000111000000000000010100000000000001110000000000000000000000000000011000000
00000000011000000000000011000000000000001010000000000000101000000000000000100000000000000000000000000000100000000000000010100000000000001110000000000000011000000000000011000000000000000100000000000000
10000000000000001110000000000000000000000000000010000000000000001010000000000000010000000000000010100000000000001010000000000000100000000000000010100000000000000010000000000000101000000000000011100000
00000000011000000000000000100000000000001010000000000000001000000000000001100000000000000110000000000000111000000000000010000000000000001110000000000000011000000000000010000000000000001000000000000000
11000000000000001110000000000000000000000000000011100000000000001000000000000000111000000000000011100000000000001000000000000000000000000000000011000000000000000010000000000000000000000000000001000000
00000000100000000000000010100000000000000100000000000000101000000000000001000000000000000010000000000000011000000000000000000000000000000010000000000000111000000000000001000000000000001100000000000000
10000000000000000000000000000000101000000000000001000000000000000010000000000000000000000000000010000000000000000110000000000000100000000000000000000000000000000110000000000000001000000000000001000000
000000000000000000000000010000000000000000100000000000000000000000000000010000000000000001000000000000001000000000000000011000000000000000100000
00000000000000001100000000000000100000000000000011000000000000001000000000000000100000000000000000000000000000001110000000000000101000000000000000100000000000000010000000000000010000000000000010100000
00000000000000000000000011000000000000001110000000000000011000000000000000000000000000000100000000000000001000000000000011000000000000000100000000000000010000000000000010100000000000000010000000000000
10100000000000000110000000000000011000000000000000100000000000000110000000000000011000000000000000100000000000001110000000000000110000000000000011100000000000000010000000000000010000000000000000100000
00000000011000000000000000000000000000001110000000000000110000000000000001000000000000000100000000000000111000000000000000000000000000000000000000000000110000000000000001100000000000001000000000000000
01100000000000001110000000000000010000000000000011000000000000001000000000000000000000000000000000100000000000000110000000000000000000000000000010100000000000000010000000000000111000000000000001100000
00000000100000000000000010000000000000001100000000000000011000000000000010000000000000001100000000000000000000000000000000000000000000000100000000000000001000000000000000100000000000000110000000000000
01000000000000000100000000000000111000000000000010000000000000000110000000000000101000000000000000000000000000001100000000000000100000000000000011000000000000001100000000000000011000000000000010100000
00000000001000000000000001100000000000000100000000000000101000000000000010000000000000001110000000000000101000000000000011000000000000000110000000000000111000000000000001100000000000000010000000000000
11100000000000001000000000000000101000000000000001000000000000001100000000000000110000000000000011000000000000001010000000000000100000000000000000000000000000000010000000000000101000000000000001000000
000000000100000000000000110000000000000011000000000000001110000000000000111000000000000010100000000000000000000000000000000000000000000000100000
10100000000000000000000000000000001000000000000011000000000000000000000000000000001000000000000011100000000000000110000000000000000000000000000010000000000000000110000000000000010000000000000010100000
00000000111000000000000001100000000000000000000000000000011000000000000010000000000000000110000000000000010000000000000011100000000000000010000000000000000000000000000001000000000000001100000000000000
11000000000000001000000000000000110000000000000001000000000000001000000000000000101000000000000011000000000000000010000000000000001000000000000000100000000000001110000000000000000000000000000001000000
00000000011000000000000000000000000000000010000000000000001000000000000001100000000000000000000000000000100000000000000000100000000000000000000000000000001000000000000001100000000000000000000000000000
11000000000000001010000000000000111000000000000011000000000000000100000000000000111000000000000011100000000000001110000000000000001000000000000010000000000000001010000000000000010000000000000000000000
00000000100000000000000000100000000000001010000000000000100000000000000000100000000000000010000000000000110000000000000001000000000000000000000000000000011000000000000010000000000000001110000000000000
01000000000000001110000000000000100000000000000011000000000000001100000000000000010000000000000011100000000000001100000000000000110000000000000000100000000000001010000000000000010000000000000010100000
00000000101000000000000000100000000000000110000000000000110000000000000010100000000000000000000000000000111000000000000001100000000000001010000000000000111000000000000000000000000000000010000000000000
11000000000000000110000000000000100000000000000000100000000000000100000000000000100000000000000001000000000000000100000000000000011000000000000010000000000000001100000000000000101000000000000000000000
000000001010000000000000001000000000000010100000000000001110000000000000001000000000000000100000000000001110000000000000101000000000000001100000
00100000000000001100000000000000111000000000000000100000000000000010000000000000000000000000000001100000000000000000000000000000001000000000000001100000000000001000000000000000010000000000000000100000
00000000110000000000000000000000000000000010000000000000100000000000000010000000000000000110000000000000111000000000000011000000000000000100000000000000101000000000000010100000000000000110000000000000
00000000000000000010000000000000111000000000000011100000000000000100000000000000100000000000000011000000000000000000000000000000110000000000000010100000000000001100000000000000001000000000000001000000
00000000001000000000000001000000000000000000000000000000000000000000000010000000000000001010000000000000011000000000000001000000000000000110000000000000010000000000000000000000000000000010000000000000
10000000000000001110000000000000011000000000000011000000000000001000000000000000110000000000000010000000000000001110000000000000101000000000000001000000000000000110000000000000100000000000000011100000
00000000101000000000000011100000000000000010000000000000001000000000000001100000000000000110000000000000010000000000000001100000000000001010000000000000011000000000000011100000000000001010000000000000
01100000000000000010000000000000101000000000000011000000000000001000000000000000101000000000000011000000000000001110000000000000001000000000000011100000000000001110000000000000100000000000000001100000
00000000110000000000000011000000000000001000000000000000111000000000000000000000000000001110000000000000000000000000000001000000000000000010000000000000000000000000000001000000000000001000000000000000
11100000000000000100000000000000001000000000000011100000000000000010000000000000111000000000000010100000000000000010000000000000001000000000000011100000000000001100000000000000101000000000000001100000
000000001000000000000000110000000000000010000000000000001010000000000000010000000000000011100000000000000000000000000000111000000000000001000000
11000000000000001000000000000000001000000000000000100000000000000100000000000000110000000000000010000000000000000000000000000000111000000000000011000000000000001110000000000000111000000000000010000000
00000000110000000000000011100000000000000010000000000000011000000000000011100000000000001100000000000000111000000000000001000000000000001110000000000000100000000000000000100000000000001010000000000000
00100000000000001000000000000000101000000000000011000000000000000100000000000000011000000000000010000000000000001100000000000000010000000000000010000000000000001100000000000000111000000000000001000000
00000000000000000000000010000000000000000100000000000000011000000000000000100000000000000110000000000000110000000000000011100000000000001100000000000000100000000000000011100000000000000100000000000000
10100000000000000000000000000000010000000000000000100000000000001100000000000000111000000000000010000000000000001100000000000000101000000000000000100000000000001010000000000000011000000000000010000000
00000000000000000000000000000000000000001000000000000000100000000000000001100000000000000000000000000000001000000000000000100000000000001100000000000000100000000000000001000000000000000000000000000000
00000000000000001000000000000000111000000000000001100000000000000100000000000000110000000000000000000000000000001010000000000000111000000000000000000000000000000000000000000000111000000000000000100000
00000000011000000000000010000000000000001110000000000000101000000000000011100000000000000100000000000000011000000000000000100000000000001110000000000000000000000000000001100000000000001100000000000000
10100000000000000010000000000000110000000000000000000000000000001010000000000000101000000000000010000000000000001110000000000000110000000000000000000000000000001000000000000000110000000000000010100000
000000001110000000000000111000000000000010100000000000000110000000000000110000000000000000000000000000000000000000000000000000000000000011000000
10100000000000000110000000000000100000000000000000000000000000001000000000000000001000000000000001000000000000001000000000000000101000000000000000000000000000000110000000000000001000000000000010000000
00000000111000000000000000000000000000000100000000000000101000000000000000000000000000001110000000000000101000000000000001000000000000000100000000000000000000000000000011100000000000001010000000000000
00000000000000000110000000000000000000000000000000100000000000001110000000000000010000000000000011100000000000001110000000000000110000000000000011100000000000000000000000000000111000000000000000100000
00000000001000000000000011000000000000000010000000000000100000000000000011000000000000000010000000000000101000000000000011000000000000000010000000000000010000000000000000000000000000001000000000000000
01000000000000001010000000000000111000000000000001000000000000001100000000000000000000000000000010100000000000001110000000000000101000000000000001100000000000001000000000000000011000000000000001100000
00000000000000000000000011100000000000000110000000000000010000000000000001000000000000001000000000000000001000000000000011000000000000000000000000000000000000000000000010100000000000000110000000000000
00100000000000001100000000000000111000000000000010100000000000000110000000000000110000000000000011100000000000000100000000000000000000000000000000100000000000000110000000000000011000000000000010000000
00000000010000000000000000000000000000000000000000000000111000000000000000000000000000000100000000000000101000000000000010000000000000000100000000000000111000000000000000100000000000000000000000000000
00100000000000001000000000000000101000000000000000100000000000000000000000000000000000000000000010000000000000000000000000000000000000000000000000100000000000000100000000000000111000000000000011100000
000000000100000000000000101000000000000010100000000000001000000000000000000000000000000000000000000000001000000000000000001000000000000001100000
