101111011001111111111100010001011110100010011000010100001001000000100000110111111101111100010110100100111011000101010110011011000000110100111111
00110100010111000110110010110111001010101000000001010000010100010101010000000001000001000100010100010000010100010100000100000101000100010100010000000000010101000101010001000100010100010101000101010101
00010000010101000101010101010100000001000101010000010100010000010101010001000001000100010101010000000100010100010101010000000100010000000001010100010001000100000100000100010100010001010100000001010000
00000100000101000000010101010100010000000001000100010100010000010101000101010101000000000001010001000100000000010000010100010100010001000000010000000000000001000101010001000101000100000001000101000100
00010100010101010100000100000100010001000101010001010000000101010000010001000101000000010000010001010001000000010100010001000101000001000101010001000100010000000100010000000000000100111111101111111010
11110111000000010000010001110001001010000011001111010000100000100111001011100101110111110000010101100011001110001010010110010010100100000100001101111111011100010101101110011111010011100010011101111001
10011001101011100100011100100011101000100001000110111010110100100101000100000110010101011000010000111011000110010101100011001100010110010000001101111110000000100110011011001111100110011001110011111010
01011011001110110001101001101101011111101101101100100010101010110010110001011101101001001000101011101100101101000100100000100010001001010010110100000110100011010110101011000010011101001011100011000101
01011011011110001000100010100111011100011000010011000101100011100011010011000101100010100110000100001001011010011110111110111010111111101110111111111010111010111011101110111111111010101111101010101011
10101010111010111011111111111110101010111010101011111110101111101110111011111111111110111111101010101010111010101110101010111010101110111010111010101110101010101010111011101011111110111111101010101011
10101110111011101010111111111111101010111011111110101011101010111110111011111110101111101011101111101011111011111111101110101111111110101110101011101111111011101110111010111110111111111011101110101111
11101111111011101110111010101110111011101010101011101010101111111010111011111010111111101010111010111010101111101011101111111110101011101110101010111011111110111011101011101010111011111010111011101011
11101110101011101110111011111111101010111111111110111110101110111010111011101011111011111110111011101111101111111011111010101011111110111111101011101111111110101111111011101010101111101011111011101010
11111010111010101010101010111010111011111010101110111010101111111011101110111011111010101111111110101110111110111110101011111111111011101010111011101110111110101011111110101011101010111011101111101011
10101111111111101010101010101110111010101011111010101010101110101110101111101110101110111011111010101111101110101010101110111010101111111010111011111011111111111011111011101010111111111010111011101110
10111010101110111011111111111110111011111010101111101011101010101111111110111010101010111010101010111010111110101011101111111111101011111010101011101111101111111110111111101111110000111110010100101110
00111010100001011001110101100110100101101101001110011010000011010100010000001111101100010001110110110100000100111110010000011110100010100010100101100001010111000111000101010110111100111011010000110110
11011010100111011001110011000000111100001111111001010110001111001011000100001001110011101010000100111011011011011100010000001101101000001101001110010110110110001000100001001000011001111100100100100100
01100000110010010000011111010101101001101011110010010111010011000001000101101001001100011110101000101001010011111010111111111101001110010110110011110010010011101111101111111010101100001001000010101000
10110100011100001010011001010100010000111110001011111100101110110010110101111011100110101010100001101001100100001110100111111110110000110110000001110000111110100010000100111000011100100010011000111001
00001111111000000100010000111111111001111000110000011110111101101110010001111100100000011010011101000101100010100000100110000100111111001011001110011100011011010110111000011111111000110111000110000101
00111111110110111011011000101010101000010000010110101011010100100000000101011000010001011110000000110011110101011010010000110110111001011010000000100000101001001100011001000100000110110010000101100100
01000110101100100111000111111001110100110110101110101100010101100101111010010001010110100111010000101011100110101101010101101001011111111010000110010101110101111011100000000110011101110001101110100101
00101001011001001010011101010011110001001000010100111101001101101000001100100011111100101100100100111011101011011011100101101111000001000101001101100001110101111110110111101011000100101001001111101000
11011111011000011000010011010110001010101001111010110101100010010111111100010011010011001000100010001110011110000011001100001111011110111101101001001011011000011101101001111010101010000010111000101110
00011001011011001011100101011110101001011110111010101101000100001111000101100001010110011000011001110011001100110110000101110110110101000001111111110011011010011101010100001100110011000101100101001101
00011011110000000000001011010011001100000100011100010110010101011101011001100000001010000011010001101000100001111100100000100001010101101111100010010010000111001100110011011110101010101011111010111010
10111111111111111010111011101111101110111110101010101111111111111110111011101011111010101011111011101111111010101110111010101110111010101010101011101011101110111110111010111110111010101010101111101011
11111011111111101110101111101110101111111110111011101011111110101111111110111111111010111010111011111011111011101011111110111011111111111110111011111010111110111111101110101110111111101111111010111111
11111111111010101111111110111110111010111111101010111111101010101110101011101010101110111010111111101110101011111111101011111111111011101011101011111111111110111011101111111010111110111010111011101110
11111110101011111110111011111011101010101110101110111011111011101010101011111111111011111111111111101011110110101000011001101110101011110111101100110010111010000001011111001100001010010110001010100101
11010011101101011111010111001101011010001111110010010000011101000010010110100101100010111110011111101010011001001010100110001001100100010111010001101111001010101100011111011100110001111100100011111001
01000000010101100101100100001110010000000011010110101000100000011001000101000001110100111111011011001101111100010101100110101010000001000101101111010010001110100000101010110111101010001100011011010010
10111001010100101110100010001101001011100100000110001010001011000010101010100000000110010011110111011110111011101111001101101010100000000001000000000110110110001100101111000100010010010100011101100111
00001001100000010010100001111101011111101110101010111010111010111110111110111011111010101111111111101011111110111110101111101010101111111011111110101111101011111110101110111110111011101011101110111110
11101010101111111111111110111010111011111111111111101010111010101010111111111011101110101110111110111111101011111011101110111010101111101111101111111111101010101011111011111110101111101011111110111011
11111111101010111011111110111011111010111011111111111111111010101010111110111111101111111111101011111111101011101111101010101110111110111111101010111110111111101110111011111011101011111111111010101011
10111011101111101111101011111110101010111110101111101111101010101110111011101111111010111010111010101111101111111010101111101111101010101011101011111010101110111010111011001000111111110111110100000110
01000111100000100000100000111011100011010100001000110000110000110011110011111000110001010110001010110001010100001111100100000000000000000001101100111111001101111110011010011101010010101011111100100110
00001111100100101000111110110001100111010100011000001010011011011101110000011101000001110100000010010110110100001010000110101011100000001001110011010100100110001100001110000111000100011111011001100101
10010000110011100100101100001110001101111101001000110000011100111100101010100101110100011001001010011101000000110101101101100011010011111110100100000010010011111010100000100111101011000111010100101001
00000101001011001110110001110101100110000011001001101111010011010111101000010001111011110010011100100000010100000001000000000101000100000000000101000000000101000100010100000100000001010100000100000100
01010001000101010000010000000101000001000100010100000100010101010101000100010100010101010000000000010001010001000000010001010000010000010001010001000000000000010100000100000001010100000100010100010101
01010001010001010001010100000001010001000000010000010100010001010101000000010000000001010100010101010000010101010000000000010100010001010101000100010101010101000001010000000000000000010000000101000101
00000101010100000001010100000101010001010101000001000101000101010001000000000100000001010101000000000000010000000100010100010100010000010000010100010000000001010001000100000100010100010000000001010100
01010101000101000101000001010100010100110110001000110000101110001110000100101111110111101100011001110101111101110001010100010010100110000001000011110000110110111000101111110000011100100000101110111011
00101111110000011110100010110010101000001010110111111110011101000110100011101101111100000101010011001110011111001111101010001010010000111111100010100010101011000111101111111100100101001110000011100000
11111011110011001000111111111010110010001100011011110011110100100101101011110100100110111000000001011100100101111101110111100010011101101100110001101110011010111101100111111111110001000101111010001001
10000101000010010000001000001101111111011111000101101001001110110001010101100110110000001101001111110011010001011100011011001011011100101010100000001111000011111001