01000000000100010101000001010101000001010001000101010100000100010101000000010101000101000000010100000001010001000000000000000101000101010001010000000001000000000100000001010101000001010000000000000000
01000101010000000100010101000000000101000100000100010001000000010101000101000101000001010000000101010000000101010100000000010101000001000100010000010001000000000100010001000000000000000001000000000100
01010000010001000100000000010100000000000100000101000101010100000000010000010001010101000001010101000100010001000001010100000000000001010101010101010101010001010000010101000101010101010101000101010000
01000100010000010001000000000100010001000000000000000001000000000100010100000100010001000000000101000000000001000001010001010101000000000100000100010101010000010101010001000100010000010101000000000000
01010101010101010101010001010000010101000101010101010101010100000100000101010101010001010100000101000100000100010101010000000100000001010101000101000001000101000001010101000000010001000101010001000101
01010101000100000101000101010000010101010101010001010001000001000101000001010100000101000001010100000100010000010000000000010100010101000000010001000101000001010001000100000000101111111011101110111111
10111010101010101110111111101011101110101011101010101110111010111010111010101110111010101010101110111111101010101011111110111110111110101011111011101111111110111110111010101111111010111111111011101011
10111110111011101010101010111010101111111010111111101111111011101111101011101010101011111010101111111110111110101011111011101010101011111011111010111010111110111110111111111010101011111110111010111111
11111110111011111110111111111010101111101110101110101111101110111010101011111110111010101111111111101010111011101110101110111110111111101011111010111111101011111110111111101111101010111110111010101010
11111011111010111010111110111110111111111010101011111110111010111111111111101110111111101111111110101011111011101011101011111011101110101010111111101110101011111111111010101110111011101011101111101111
11101011111010111111101011111110101110111011111011101111101011111010111011101011101111111010111010101111111011111110111110111111101110111011101011111110101011111010101011111010111110101010101011111111
11111010111111111110101011111111101011111010111011101010101110111111101011111111101011111011101111111110101110111111101010111111101111101010111110101011010001000000000000000101000101010001010000000001
00000000010000000101010100000101000000000000000001000101010000000100010101000000000101000100000100010001000000010101000101000101000001010000000101010000000101010100000000010101000001000100010000010001
00000000010001000100000000000000000100000000010001010000010001000100000000010100000000000100000101000101010100000000010000010001010101000001010101000100010001000001010100000000000001010101010101010101
01000101000001010100010101010101010101010000010000010101010101000101010000010100010000010001010101000000010000000101010100010100000100010100000101000000000001000001010001010101000000000100000100010101
01000001010101000100010001000001010100000000000001010101010101010101010001010000010101000101010101010101010100000100000101010101010001010100000101000100000100010101010000000100000001010101000101000001
00010100000101010100000001000100010101000100010101010101000100000101000101010000010101010101010001010001000001000101000001010100000101000001010100000100010000010000000000010100010101000000010001000101
00000101000100010000000001000001010000000000010100000000000000010100000000010000010101010000010100000101000101010000010101010101000001010001010001010101000000000101010001000001010101010100010001010100
01010101000000010100010000010000010100010001000000000101010001000000010101010100000001000100010000010001010001010100000101000001010100000101010000010001000101000100010100000101000001000100000100010101
00000100000001010100010101000101000101010001000100010000010101000000010100000000010100000101000000000000010101010101000001010101010000000101010100000101000001000100000000010001010100000101010100000101
00010001010101000001000101010000000101010001010001000101010000000100010001010000010100010001000000000100000101000000