00010000
01010101010000000001000001010101010000010001010101000001000000010100000000000001010001010100000100000100010000010001000101010000010000010101011100111100111100001111010001011010010100100000000110100010
00010101011110010101011111011101101101011001010110101001011001001001111101100011101101011100000110110101110110011110000111011010111110110011011011001011111001000001001000111100110100001001111001001101
01110110100011010000010100101001011100000010101100001101101000111010101101111001101000111010000000111100100101011001011111001101101110110001011000000001111110001111101000001010111100010001001110001100
11101111011000111011101110010110100001000001010001100001011011011011000111111110010001101111010011101100111110100000110011100010111101100000000011000000101111110001010001011100010111011011011011011101
01100001101100110001000010110011011000001101111101100100000111101100001101011110100011111010111101100101001101100010001100001011100011100001001011111101111011000110011101011111011100010101000100101001
10000001000011110000110110111000101111110000011100100000101110111011001011111100000111101000101100101010000010101101111111100111010001101000111011011111000001010100110011100111110011111010100010100100
00111111100010100010101011000111101111111100100101001110000011100000111110111100110010001111111110101100100011000110111100111101001001011010111101001001101110000000010111001001011111011101111000100111
01101100110001101110011010111101100111111111110001000101111010001001100001010000100100000010000011011111110111110001011010010011101100010101011001101100000011010011111100110100010111000110110010110111
00000000000000000101000001010001010101000000000100000100010001010001000001010001010000010000010100010001010001000000000001010100010101000100010001010001010100010101010100010000010101000101010101010100
00000100010101000001010001000001010101000100000100010001010101000000010001010001010101000000010001000000000101010001000100010000010000010001010001000101010000000101000000000100000101000000010101010100
01000000000100010001010001000001010100010101010100000000000101000100010000000001000001010001010001000100000001000000000000000100010101000100010100010000000100010100010000010100010101010100000100000100
01000100010101000101000000010101000001000100010100000001000001000101000100000001010001000100010100000100010101000100010001000000010000101100001101100011111110111111101011110111000000010000010001110001
00101000001100111101000010000010011100101110010111011111000001010110001100111000101001011001001010010000010000110111111101110001010110111001111101001110001001110111100110011001101011100100011100100011
10100010000100011011101011010010010100010000011001010101100001000011101100011001010110001100110001011001000000110111111000000010011001101100111110011001100111001111101001011011001110110001101001101101
01111110110110110010001010101011001011000101110110100100100010101110110010110100010010000010001000100101001011010000011010001101011010101100001001110100101110001100010101011011011110001000100010100111
01110001100001001100010110001110001101001100010110001010011000010001011110010010100000001000001110001000011010101000001111100000101101001001111001011001111111101010011001110000000100100111001110111101
01010100100001000110000110111110101010111111001100100100111110000111110111101101010000100001101010111110111011001000001111001111001111011000010101000000001010000110011111100010111000110010001111000111
00001011101010000011001001000101110101101111100000010100011011111010010101101110001111101101001111000111011010101000100111101110110010000010100010110100110100011101101101001110010110000101010010110100
0101010001001101101101011000010100100011010000011010100000110000100110010100011100010110111010111001101111000101011000001101101011000101001100101010000010111000010011011101110011011111101100011100