010101010000000100000000000001000000000001010000000100010100000001010000000100010101000001010000000101010001000001000101000100010001010000010101010001010100000101010101
00010100000101010101000001000100010001010001010001010001000101000000000000000101000100010000010001010001010001010101010101000100000000000000000101000100000000000101010000000000000101010100010100000001
00000001010001000100010101010001010000000001010100000001010001000101010000010000000001000101000101000100000101000001000100000100010101000000010000010000010101010000000001000001010000000000010000010001
01000000010000000001000000000001000101000000010100010001010101010100000100010101010101010101000001010000010001000100000000010000000001010001010000000001000001010100000100000000000101010000010101000100
01010101000001010001010000010001010101010001010000000101000101000000010101010001010001000001010100000001010100000000010000000100000000010001000001010100010000000101010100000101010101000100000100000101
01010101000100010001010100000101000100000100010001000101010000000101010001000101000100000000010000010001000101000100000000000101010101000101010101010100000101000101010000010001010101010101000101010001
00010101010000000001010001000001010000010001010100000100000101010000010100000100010000010100010101000100000000010000000100000101000001000101010100010101010100010000010101000100010001000000000100000001
01010001010101000001010001000100000101000100010101000000000000000001000001000000010100000000000100000101010001000000010000000000000001000001010100010100010001010000000001000101010100000000000010111011
11101010101010111110101010111110101110111010111010101110101010101111111110101110111110111111101111101010101010101010101010101110111110101111111011101110101111111010111011111111111111111110101111111111
10111111101111101010101111111010101010101010111111111010101010101011101010101110101011101110111010101011101011101011111011111011101111101010111111111110101111111011111010111110101010111111101111111010
11111010111111101011101111101110111010111011101111101110101010111111111111111011101011101111111111111110101011101010101011111111101110111010111011111011111110101111101110111011101010111110111110111111
11111010101010111110111111101011111010111111101110111111111110101011101111111011101111101011101111111111111111101010101011110001010100010101010100000101010100000100010100000000010001010001010100000001
01000101010001000100010100010000010101010100000000010001000100010100010100000101010000000001010000010100010100000000010001000100010101000001000001000000010100010101000000010100010100000000000100000101
00000001000100000100010001000101010100010100000000010000000101000001000001000001010101000100000000010001000001000001000101000101010001000000000100010101000000000000010101000000000000000000000001010001
01010001000101010001010001000000010101010101000100010000010101000001010001010101000001000100000000010000010100010100010001000000010000000001000000000100000101000000010100000101010101000000010001000100
00000100010001000001010000010000000001010001000100000100111110111011111111111110101111101010101010101011101010111110111110101111111110101011111110101111111011111111101011101111101111111011101010101110
10101111111110101010101011101010111011111011111011101011101011111011101010101111101110111010111011111011101010101111111011111111101111101111101011111110111110101111101010101011101010101011111111111011
11111111111111111011111110111111101010111110111010111111111010111011111111101011101111111111101111101011111110101111101110111110111010111110111010111010101111101111101010111110111011111111111010101111
10101111101010111111101010101011101011111010101110101011111110111010101110101010101111101011111110111111111011111011101110111110101010111111101011111010101010101111101110111011101011101110010101000001
00010001000101000000010000010100010000010100010100010001010101000100010001010100010001000101000000000100010000000101010000000000010000000001010100010100010101000101010100010100010101010100000100010001
00010000000100010100000001010101010001000001010001000001000001010100010101010101000100000001000100010001000001010100010100000001010101000101010000010001000001010001000000000000000101000100000000000101
00000100010101000101010100000001000100000101010101010001010101000000010101000101000101010000010101000101010100010000000101000101010001010000000000000100010100010100010101010100010100000001010101000101
00010101010000010101010101000100000001010000010100000101010101000100010001010101010101000100010000010101000101000001000000000101010000010001000000000101010000010101010101010100000001010100010001000100
01000100000101010001010101010100010001010100000000010000010100000001000000000000010101010101010100010100000100010001000101010100010001000000010100010101000101000101010001000100000101010000000000000000
01010000010100010101010000000001000001000100010100010000010100010100000100000101000100010100010000000000010101000101010001000100010100010101000101010101000100000101010001010101010101000000010001010100
00010100010000010101010001000001000100010101010000000100010100010101010000000100010000000001010100010001000100000100000100010100010001010100000001010000000001000001010000000101010101000100000000010001
00010100010000010101000101010101000000000001010001000000010100010101010001000000000001010000000100000000010100010001000100010101000101010101010101000101000001000100000101010001010100000101000100000001
00000001010101010100010101010001000001000000010100010100010101010100010100000000010101000101000101000000010100000000000101000001000100010101010101010101010100010000000000000000000100000001010000010001
01000000010000010001000101010000010001010000000000010001000101000101000001000001010000000000000100010101000100000000010101000101000001010001000100010100010001000101010100000001000100010101000100000000
01010101010000010000000000000001000000000100000000010101000001000000010001000100000001000000000100010101000000010001000101000101010001000100010001010101000001010001010100000101000101000101010001010001
00000000000000010000010001010101000001000000000001000100000101000100000000000000000001010000010100000100000001010100000001000000010101000001000001000101010100010101000000000000000001010101000100000100
01000101000001000001010001000101000000000100000100000001010000010100000001000001010001000001010101000001010100000101000001000101000001000101010101010001000100000000000100010001010101000000000001000000
00010000010101010101010101010001000100000101010000010100010101000000000100000101010101010101010001000001010001010001010001000000000000000001010000010001010100010101000100010001010000010000010101010100
00010001000000000100000101010100000000000001010101010000000101010001010101000001010000010001010101000100010101010100000000000000000101000101000101010001010001000101000001010100000101000101010001000101
00010101000001010000000101000001000000000001000000010001010001010001010001000001000100010100010101000000010100000100010100010000000000000001000001000101010101000101010100010001010001010100000101000001
01000000010000010100010100010000010000000000000100010001000000010101000100000101010100000100010000010100000100000001000001010100000000000001010000010000000101000001010001010101000100010001010000010000
00010000010100000001010101010001000000010000010100000001010000000001010001010101000000010101010000010001010000000001000100010000010001010000000000010000000100010100000101010001000001010100000101000000
01000101010101010001000000010000010100010101010001000001010001010101000100010000010101000101010001000100010000000100010001000000000001000000000101010000010001010000010101000000010000010000000101000001
00010101010000000100010000000001000101010001000100000100000001000101000001000100000101000100000001000100010001010101000000010101010101000000010000000001010100000101010001010001000000000101000101000001
01000001010100000101010001010000000100010000010100010001000000000100000100000000000001010001010000010101000100000101010001000000010101000001010000000101000100000000000101000001010100010000010101010001
01010100010000010000010101010101000101010101010100010000000000000100010101010000000000000000000000000101000100000100000101010000000001010000010000010101000001000000000001010101000000000101000100000000
00010001000000010101000001000101000101010101000101000100000001010101000001000100010000010000000100010001010101010100010001010000000101000001000000000101010100010000000000010000000000010000010100000001
00010101010100000101000000000100010100010101010001010100010101000001010100000001010100010101010000000100010000010001010000010100000101000101000001000000000000000101010100000000010001010000000000010101
00000000010101000101000101000001000000000100000100000000000101010001010100000001000101000101010001000100010001000000010100000101010100000001000101000101000000000100010001010101000000010101000101000100
00000000010001010000010000010100000101000100010001000000010000010001010001000001000000010000010001000000000101000101000001000001010000010101010001000001000101000001000100010100000000000001010001010000
01010101010100010001010001000101000001000100010100010101000000010000000100000000000000010100010100000000010001010100010000010100000001010100000100010000010101010001000100000000000001000001000100000101
01000101010101000001000100000001000001010101000100000001010000010001000100010001010000000101010100000000000000010101010100010100010000000101010100010101000000010100010000000101000100000000010001010000
01000100000001010100010100010100010000010100000101010000010101010001000100000100000000010101010001010101000100010101010100000000000001010101000000010000000000000100000000000101000000010001010000000101
00000001000101010000010100000001000001010000010001000100010000010001000000010100010001000100000100000101000101010001010100010100000100000100010101000101010000010001010100000101010000000001000100000101
01010100000101010101000000010001010101010101000100000000010001010101000100010000010100000001010001000000010101010001010001000100000000010100000100010100000100010001010100010100010000010101010101000101
01000001010100000000000000010001000001000001010101000101010100000001010000010101010001000101000100000100000001000001000101010100010101010000010001000001010100000001000001000100010001000101000101000001
00010000010100010101010001010000010100010000010001010001010101010100000101010001010100000100000101000101010000000101010100000101010101010100000000000101000000010000000001000100010001010001000100010100
00010101010001010100000101010101000101000001010101010000010001000100010100010100010100010001010000000000000001010001000100000100010100010100010101010101010001000000000000000001010001000000000001010100
00000000000101010100010100000001000000010100010001000101010100010100000000010101000000010100010001010100000100000000010001010001010001000001010000010001000001000101010000000100000100000101010100000000
01000001010000000000010000010001010000000100000000010000000000010001010000000101000100010101010101000001000101010101010101010000010100000100010001000000000100000000010100010100000000010000010101000001
00000000000101010000010101000100010101010000010100010100000100010101010100010100000001010001000100010001010000010100010000010101000000010101000000000100000001000000000100010000010101000100000001010101
00000101010101000100000100000101010101010001000100010101000001010001000001000100010001010100000001010100010001010001000000000100000100010001010001000000000001010101010001010101010101000001010001010100
00010001010101010101000101010001000101010100000000010100010000010100000100010101000001000001010100000101000001000100000101000101010001000000000100000001000001010000010001010101000101010101000100000101
010001000100010000000001000000010101000101010100000101000100010000010100010001010100000000000000