000111011000111101001000011011001100111001010101100001100001011110010010
10000000100000111000100001101010100000111110000010110100100111100101100111111110101001100111000000010010011100111011110101010100100001000110000110111110101010111111001100100100111110000111110111101101
01000010000110101011111011101101000100101001101001111010000111101000000101000101110110101001010111000011000101101000101100010011000001000111000010001011101010011011010000111101100110100101111010011100
00101100111101111101101110000001000001111001110111000000010100010110110010100111101001111101100111110101101111010110110110111101110111100110111101011011010100111001001001010000011100010010001010011011
00111101110100100111011010011110100000011110000011001111011101000100000101100000100110111110100111111110011001111100101110010110110101101101000110000111110011100111010110000100000100110011001101010110
10100111000010101011000010001100001110010111010101100000101110000000010101101001011001000110110101111101101111110010001000101100001001000010000110100001001110101000000010010100000101011001100001111111
00111111010001000011000011011101110100011111111111110001001000101010010001110101001010001000101010000010110100110010110000111101101010100111000011101011010110000100100010101101110110001101011011011010
11110011011000001011100010111100110110011001000011011100110100010000110101010110101100001001101001001111110100011001011100010111110101110011101010010101100010000000011100101111011000110001100101011100
10100100100111010111100111010000110011001101101011100100001011101111100101001001000100101110010010111100111101100100010011110011110100111100001010110101101111011010010001110111000011110110011000000001
11000011010001000000111100101100001010100010000110101100110100001011100100101001010110110011011101101100010011101110000011011010011111010000101110111100110100001000110011001111010100101011010100110100
01100010001011000111000011101011110000010100010011001100000001101001000101000110000110000011100011000110001000111100000011110011010101000110001100000110101000001001111000111010111101111001110000001111
11110101110111001001011000010110011100111010111111011101111101010111100001100000010111101111001000010000011100010000001000001011010100110111111011110101101101000001110111100111111111001011110011101100
00111110010100101110001110101000010110011101011001101001011011010011100110100000110101000100000011111011000100011101101101000001001111100100000111101000101000101001011000010101110001110001010101101111
00111011010000110110110101010011111001101001110000011111000011111101101110010010110000100011010101101101110100010011011101111000101010001101010110100001000010100010011010001010010100000001100101001000
11111000001100011101100001011000001100001111101011100001100000101000011110111000100100100010100101110011001110000101010001101001101101011111111010100011001011011100101000001101100110100011111101000111
01000010000101000001011111011010010000001100101111011100001010010001101110000111011100001011111000110010010100010000100101100010000011101001111111101100001101100000011100001111101000100001001110000111
00100010011000111001000011111110000001000100001111111110011110001100000111101111011011100100011111001000000110100111010001011000101000001001100001001111110001110010001110001100111011001100011110111100
00111011001001011011011111101111001001111001000001000101001101011111010000111111000101010010111000011100111111000000011101111010111101011101011010001000111100000001000000000100110010011001100110010011
00110000001110011100100010000111010110110011111001101010001011000110010010001110100011101000011101101010000010111100000100110010000010111010100100101010111000010011001010111110101100100001010011001011
11100110001100001010000101111100110000011010111001101100110010000101001111010011011010000011001000111111001011001001001110111010110110111001011011110000010001010011011000011101011111101101111010110001
00101001001111101000110111110110000110000100110101100010101010011110101101011000100101111011011101111100100100010101010111011111000001110010010011101110001010110000100001111001011010100001101001010100
00010000100000011101001001111100110001110111101011010001111010011001010111110011010010100111100100111011001101001100101100110111011011000110101011011110110101101111111100101000001111111010010111001000
10011011001110001011001001101001010100000101101100110010000110011010011110011111111010111000110101010100010001111000110101000101111010010000010000101011110010100000011001010110100011001000111111100010
10000001011010110000001111011101111110000110010001011001101101101000100001111101011101100100110010111100000010010110010011111110000001001100001011000100000010000010011010010001100101000110000101000110
00101000000111100011101000111010100111010011110111000011111011001100100101101110010111101010001010101001001001001000111100101000100100101111011001101010111010001000101001001011011110110110010011011010
10001110110101111010101010101101010010111011011110001101011110110101011011100001010010010101110000000011011101001110110010010101101010100100111110111100100101110101101010101110001101100110111101011111
01110001100111011100101010000000101010011100111001100101010010000010011000101001100100010000111011101000101111101011110000111101101010000110011011101010111101111011001100101110100000010111110011000010
10010110001010100101110100111011010111110101110011010110100011111100100100000111010000100101101001011000101111100111111010100110010010101001100010011001001110101000110011100000010011001011101011011101
10111100000111110011110100011111110111100010010010001101000001101110000101010001001000100010110100111110011111101100110010101110011010100010000100000001100011110011101101000010000000010100001010110100
00011001100011100000011000101010010111010000010011110001110110010110000000000000100000000000010001010010011101101110111010011101100011100111110101010101010000110101010110011111000111000010100111011000
00101000101011011111000000100000001100000000111010101110110001000010101110100110001101101111001100010110101011010111110010111101100111100011011010001001111100010111100001010010111101101001101101001100
11101001100100111100110000101011010111010111000110001100011111010111110000100100001000011010111101100011010011011111001011100100101000110010011100010110110011100010111010100001000000101100101111000010
11010010111101110110101011100100011000101110011001101001011000111010101011111001000100001110001011100111101011110000111110110001110010110001000010011011011011110101001011001010110010011100111000100001
10101111100100010010011101110110100010110000111111010100001110010111110010110000000111001000100010111100011101001001000011100110101100010011110110100100000101110000101001010111001100011001110010001111
11110111110100000110010001111000001000001000001110111000110101000010001100001100001100111100111110001100010101100010101100010101000011111001000000000000000000011011001111110011011111100110100111010100
10101011111100101100000110110110010000001010001101100011101010011101000001001101101111111101001111100101101111010000001111001110000001000011010001100101010100101001101010000111010011010111000011110111
00101010100111001110011101011001100111010111010010010110101010100000001100001011011011010000010111111010001101110000011111100101011110100110110100111101101110000010010000001101111100000000000011100000
11001111101101000110000110100101100110001000111110110011000001100101100110101000111111100101011100111100111100001111010001011010010100100000000110100010000101010111100101010111110111011011010110010101
10101001011001001001111101100011101101011100000110110101110110011110000111011010111110110011011011001011111001000001001000111100110100001001111001001010101111000101111001011010000000101110010100010110
01011111010001110000001111110110010100110101010000111101011111100110101011011010011100100111110101000110111001011111010101000100111000110111001101001001100011111101001001100111011010000000110001101001
11000110110110110011001111101100100111011011110111001100111101010100100010000101111011000100000010000100001010110010110011111100111110100011110010111111100000100011001101100000011000111101000110101010
11001001011011011001001101011110100011111010111101100101001101100010001100001011100011100001001011111101111011000110011101011111011100010101000100101001100000010000111100001101101110001011111100000111
00100000101110111011001011111100000111101000101100101010000010101101111111100111110010000100110110111111010010101100110010001011110110110001000100001100001110110100010001010100100011110010101011000011
11001000010111010100111000101001100100011110111000011101000111011101101000101011010011100100101010010010011100010100111011000010111010101010100001001111110011001101100110001001001111100110101111101101
11011110100100000110010011100101011001010000000111111010111011100111100000110010011001111011100010011100010011100111101001101101111011001100110000101110010000000000000110110000101101111111100100000010
01001000110010110011000011110011110100100000111101100110110111000101000111111101111011001001100110100110111100111111101000110000101010001111111010101000000111011010100000111100100100111111110010000011
01100110111110011011011110011000100001111111011010011000101010001011100010100110101010111101000001100010110001000100000001101000100100010111101000010011000101000101011011000100110001110101001001110001
11010000010100110110000111110110111110011001010101011011010000100100010110100110011101110110111100101010111010111001101100001001110000101011011011100001111101100001001100000111111011101000101011110011
01001100010011110011100110101110100011100000010011111001101001101000010011110001000000101100001101100011111110111111101011110111000000010000010001110001001010000011001111010000100000100111001011100101
11011111000001010110001100111000101001011001001010010000010000110111111101110001010110111001111101001110001001110111100110011001101011100100011101010011010001000010001000100001111000011011011100011101
10111011000111000011001001110111111000011001100010100110000101111110100000000001110111011000101101110011011111001011010010110011011101100110010111011110111010011110011100000100000001100101100011111010
01001000000001011000100000101000110001010000010000001011000110100000110101001011100001001100000010111000001101011101111011110110101000010000010001011110101000110001110110001111010010000110110011001110
01010101100001100001011110010010100000001000001110001000011010101000001111100000101101001001111001011001111111101010011001110000000100100111001110111101010101001000010001100001101111101010101111110011
00100100111110000111110111101101010000100001101010111110111011001000001111001010011110100001111010000001010001011101101010010101110000110001011010001011000100110000010001110000100010111010100110110100
00111101100110100101111010011100001011001111011111011011100000010000011110011101110000000101000101101100101001111010011111011001111101011011110101101101101111011101111001101111010110110101001110010010
01010000011100010010001010011011001111011101001001110110100111101000000111100000110011110111010001000001011000001001101111101001111111100110011111001011100101101101011011010001100001111100111001110101
10000100000100110011001101010110101001110000101010110000100011000011100101110101011000001011100000000101011010010110010001101101011111011011111100100010001011000010010000100001101000010011101011100010
01000010000101011001100001111111001111110100010000110000110111011101000111111111111100010010001010100100011101010010100010001010100000101101001100101100001111011010101001110000111010110101100001001000
101011011101100011010110110110101111001101100000101110001011110011011001100100001101110011010001000011010101011010110000100110100100111111010001100101110001011111010111001110101001010110001000