01110010111001010101010110110001100010101011101100011111
11000010001001000000101100100101011101011101011110111011101001111110001101101111110010000001101011110111011101110100110010011110010100110100010000100010001000011110000110110111000111011011101100011100
00110010011101111110001100100100010111010110111110000001010001101111101001010110111000111110110100111100011101101010100010011110111011001000001010001011010011010001110110110100111001011000010101001011
01000101010001001101101101011000010100100011010000011010100000110000100110010100011100010110111010111001101111000101011000001101101011000101001100101010000010111000010011011101110011011111101100011100
01111110001101000001010000000110000101001101000100000110100000000011100100111000101101111011100001011101101001000110000111100011001010111010110101001000100000110110100100000011111000110100110111110001
10111011110010111000000100100101001010011101110100010010100110100111101000011110100000010100010111011010100101011100001100010110100010110001001100000100101000010000001101000110011111000011111000110001
11101001011011010101100110101111111100100100001001001111011011101100010010110110110111010001101100001111111001111110111001101110100011100110111010101000110010101011011110100110011100001111010010100110
00010000001101100011101111110100101011000110100000010011110100011001101011101000110001111000010001100011110001101010110011001110110101110010100111111101111000100100101010011101101011110100110100110010
00100111101111000001111000010101001001010100110100100011101110101101000100110000000011101001001010001000110110111110101101111011000001010100110000001101010000110100001001110001100000001001010000010101
10011000011111110011111101000100001100001101110111010001111111111111000100100010101010011011101101000001000001010101010010100010000011000110101000010100101000001001001011100001110001000001101110110100
10101101101100001010001110010000001101010010110011110011011101011011110011100010010111111010110001100100001100001001101110110111011111100110111110101011011000010010101001010101000110100000101110000010
00110010111110000001100101111111101001111010000011001101101101011100110101001101111000111101001000110101100111010110100011101100100110011110001111100011110001010010111000101010000011011111101000001110
11011000000000111101001010001101010011110001110000010000000001100001100010100001011100110101001010110011011001110110110001001110111000001101101001111101000010111011110011010000100011001100111101010010
10110101001101001100010000001101101000001101001110010110110110001000100001001000011001111100100100100100011000001100100100000111110101011010011010111100100101110100110000010001011010010011000111101010
00101001010011111010111111111101001110010110110011110010010011101111101111111010101100001001000010101000101101000111000010100110010101000100001111100010111111001011101100101101011110111001101010101000
01101001100110000111110011110101110000110001000010110010111111011001001010011110001100110001000110111100100001011111001000100010101101111101001101101100100001111101000101010000001111000110101011011011
00101010110011110010011011000010110111100101001111100110100111000001111100001111110110111001001011000010001101010110110111010001001101110111100010100101101010110101001000000001010110000100010111100000
00110011110101011010010000110110111001011010000000100000101001001100011001000100000110110010000101100100010001101011001001110001111110011101001101101011101011000101011001011110100100010101101001110100
00101011100110101101010101101001011111111010000110010101110101111011100000000110011101110001101110100101001010010110010010100111010100111100010001001000001111101001100101101001000110110101101101000100
00110111010111100101010010010111001000001010100100011000110000111111110011110101100000111100101111011100110011111001000001100000111010011011010101000101011100001100111010010111001000111000110011101100
11000111101111000011101100100101101101111110111100100111100100000100010100110101101010000010111000101110000110010110110010111001010111101010010111101110101011010001000011110001011000010101100110000110
01110011001100110110000101110110110101000001111111110011011010011101010100001100110011000101100101001101000110111100000000000010110100110011000001000111000101100101010111010110011000000010100000110100
01101000100001111100100000100001010101101111100010010010000111001100110011010101101101101010001111010000001101000110111101001001001000100110010110110110011010011110000110011010011011010110101011101001
10101101011100100000011000111100000010101110100100110100100011101000000100000010100100111110000001111011101101110111110010010001010101011101111100000111001001001110111000101011000010000111100101101010
00011010010111000011010100010011111101011110110011011010111100011111001110000110011111101111011010010101111101110110001001111101100101100110101111011000100101011010100011101000111010100001000100101111
01001110100001010111001001110101011001001001001011110101111100110011000101110010010110110010111011000110010111101010110111001110010110111000101011000011000110010100011010000000010111011110110101011101
01001011110001010100001110010111010101111011111110110001110111001010001101101100000101001011101111111000110010010111100001010010110011001011110001011100110000001001100000010000010110000110011101111001
11010111100110000101010001101100011010100011101010011101001111011100001111101100110010010110111001011110101000101010100100100100100011110010100000110101101010001000000110010001010000011101001111110110
11001101111100010101100110101010000001000101101111010010001110100000101010110111101010001100011011010010101110010101001011101000100011010010111001000001100010100010110000101010101000000001100100111101
11011110111011101111001101101010100000000001000000000110110110001100101111000100010010010100011101100111000010011000000100101000011111010111111000000001110111011001000110111111001100100001110101000011
11101101110001000111100100010100111011110010001111101010101111011011110001011010110001110100111010010100111000011111000001101001101011000100100111000001011000010010001100111010100011001110000001001100
10111010110111011011110000011111001111010001111111011110001001001000110100001100100101101011011100010001010111110010100110111101100110010100100110010101010101110100001000001111001101111001010101010010
11010101001011000111001000001100010110010101000010111110010111001110011011110011100001010101010000000001000110011011010011111000110111000010101101001001111011111010101011000110111011110110101100101100
00000111101101010000000101001111101000000001000001110000000110010000110011001100010101110001110000101001101000110110100100001110101111010110111000101001001110000100001110110110111101001110000010111001
01110010100010001101011000100010100010000000011110111111101100110101100111101110101011010101110100010001101011110110001101001101111100101110010010100011001001110001011011001110001011101010000100000010
11001011110100001010000110101011100000001001110011010100100110001100001110000111000100011111011001100101100100001100111001001011000011100011011111010010001100000111001111001010101001011101000110010010
10011101000000110101101101100011010011111110100100000010010011111010100000100111101011000111010100101001000001010010110011101100011101011001100000110010011011110100110101111010000100011110111100100111
00101000010110101011101010100101100110001010000101000000000101100110010110101100000001110100100100100110110110110001110110101100000001110010111001001111001001000101010101010011001101101111011110101000
10010011111011000000011011110000110000011011011001000000101000110110001110101001110100000100110110111111110100111110010110111101000000111100100101011001011111001101101110110001011000000001111110001111
10100000101011110001000100111000110011101111011000111011101110010110100001000001010001100001011011011011000111111110010001101111010011101100111110100000110011100010111101100000000011000000101111110001
01000101110001011101101101101101110101100001101100110001000010110011011000001101111101100100000111101100101110100111110011110101111110011010000110110001000100100101010001111010101101111110111111101011
00111010011110110000001010001001011011101000001001111010110001110110111111110010100100111010010111110111001111011100001011011100011100010111100011110100011111011001101010111100010111100101101000000010
11100101000101100101111101000111000000111111011001010011010101000011110111111100100101001110000011100000111110111100110010001111111110101100100011000110111100111101001001011010111101001001101110000000
01011100100101111101110111100010011101101100110001101110011010111101100111111111110001000101111010001001100001010000100100000010000011011111110111110001011010010011101100010101011001101100000011010011
11110011010001011100011011001011011100101010100000001111000011111001111101101000000100100100011001011001001001011011111010011000110110111011111011100010101001110100011101000110010011110001111100110101
01111011000011110100010101110111011000001110110101101001010001100001010101000100101110111001111111001000010011011011111101001010110011001000101111011011000100010000110000111011010001000101010010001111
00100001110001101000000111111010100110000000001000110110100011000011101000111011101001000000001010011001100001010011010111100110100010001101000010010000000001011001101110011001111100110101011101111100
11010010110011101011110100110101100011011001101010011010000101111111010011011101101100000110000011011011011001010111110011011000101001011100111110011100100011010000100010010100000100110011010101111111
11110111000100001000000010000011001000011110001110110100000011101001100110111101101001101111101010001001001100110100110110100110101101000010000000010001111110010000000001111110010100000111100100110011
11101100010001111101100010111001101101111001100010000111111101101001100010101000101110001010011010101011110100000110001011000100010000001001000000110111111000000010011001101100111110011001100111001111
10100101101100111011000110100110110101111110110110110010001010101011001011000101110110100100100010101110110010110100010010000010001000100101001011010000011010001101011010101100001001110100101110001100
01010101101101111000100010001010011101110001100001001100010110001110001101001100010110001010011000010000100101101001011010100110101101001110101101010110000111011010011100000100011100101110010101010101
10110001100010101011101100011111110000100010010000001011001001010111010111010111101110111010011111100011011011111100100000011010111101110111011101001100100111100101001101000100001000100010000111100001
10110111000111011011101100011100001100100111011111100001100110001010110101101111100000010100011011111010010101101110001111101101001111000111011010101000100111101110110010000010100010110100110100011101
10110100111001011000010101001011010001010100010011011011010110000101001000110100000110101000001100001001100101000111000101101110101110011011110001010110000011011010110001010011001010100000101110000100
11011101110011011111101100011100011111100011010000010100000001100001010011010001000001101000000000111001001110001011011110111000010111011010010001100001111000110010101110101101010010001000001101101001
00000011111000110100110111110001101110111100101110000001001001010010100111011101000100101001101001111010000111101000000101000101110110101001010111000011000101101000101100010011000001000111000010001011
01000110011111000011111000110001111010010110110101011001101011111111001001000010010011110110111011000100101101101101110100011011000011111110011111101110011011101000111001101110101010001100101010110111
10100110011100001111010010100110000100000011011000111011111101001010110001101000000100111101000110011010111010001100011110000100011000111100011010101100110011101101011100101001111111011110001001001010
10011101