0100101110110111100011010111101101010110111000010100100101011100000000110111010011101100
10010101101010100100111110111100001010101010000000011001001111011101111011101110111100110110101010000000000100000000011011011000110010111100010001001001010001110110011100001001100000010010100001111101
01111110000000011101110110010001101111110011001000011101010000111110110111000100011110010001010011101111001000111110101010111101101111000101101011000111010011101001010011100001111100000110100110101100
01001001110000010110000100100011001110101000110011100000010011001011101011011101101111000001111100111101000111111101111000100100100011010000011011100001010100010010001000101101001111100111111011001100
10101110011010100010000100000001100011110011101101000010000000010100001010110100000110011000111000000110001010100101110100000100111100011101100101100000000000001000000100011001101101001111100011011100
00101011010010011110111110101010110001101110111101101011001011000000011110110101000000010100111110100000000100000111000000011001000011001100110001010111000111000010100110100011011010010000111010111101
01101110001010010011100001000011101101101111010011100000101110010111001010001000110101100010001010001000000001111011111110110011010110011110111010101101010111010001000110101111011000110100110111110010
11100100101000110010011100010110110011100010111010100001000000101100101111000010110100101111011101101010111001000110001011100110011010010110001110101010111110010001000011100010111001111010111100001111
10110001110010110001000010011011011011110101001011001010110010011100111000100001101011111001000101001111111010010000001001001111101010000010011110101100011101010010100100000101001011001110110001110101
10011000001100100110111101001101011110100001000111101111001001110010100001011010101110101010010110011000101000010100000000010110011001011010110000000111010010010010011011011011000111011010110000000111
00101110010011110010010001010101010100110011011011110111101010001001001111101100000001101111000011000001101101100100000010100011011000111010100111010000010011011011111111010011111001011011110100000011
11001110000001000011010001100101010100101001101010000111010011010111000011110111001010101001110011100111010110011001110101110100100101101010101000000011000010110110110100000101111110100011011100000111
11100101011110100110110100111111011000000000110000001011111100010100010111000101110110110110110111010110000110110011000100001011001101100000110111110110010000011110110010111010011111001111010111111001
10100001101100010001001001010100011110101011011111101111111010110011101001111011000000101000100101101110100000100111101011000111011011111111001010010011101001011111011100111101110000101101110001110001
01111000111101000111110110011010101111000101111001011010000000101110010100010110010111110100011100000011111101100101001101010100001111010111111001101010110110100111001001111101010001101110010111110101
01000100111000110111001101001001100011111101001001100111011010000000110001101001110001101101101100110011111011001001110110111101110011001111010101001000100001011000100110000101000010010000001000001101
11111101111100010110100100111011000101010110011011000000110100111111001101000101110001101100101101110010101010000000111100001111100111110110100000010010010001100101100100100101101111101001100011011011
10111110111000101010011101000111010001100100111100011111001101010111101100001111010001010111011101100000111011010110100101000110000101010100010010111011100111111100100001001101101111110100101011001100
10001011110110110001000100001100001110110100010001010100100011110010101011000011110010000101110101001110001010011001000111101110000111010001110111011010001010110100111001001010100100100111000101001110
11000010111010101010100001001111110011001101100110001001001111100110101111101101110111101001110101101010110000100111010010111000110001010101101101111000100010001010011101110001100001001100010110001110
00110100110001011000101001100001000010010110100101101010011010110100111010110101011000011101101001110000010001110010111001010101010110110001100010101011101100011111110000100010010000001011001001010111
01011101011110111011101001111110001101101111110010000001101011110111011101110100110010011110010100110100010000100010001000011110000110110111000111011011101100011100001100100111011111100001100110001010
01100001011111101000000000011101110110001011011100110111110010110100101100110111011001100101110111101110100111100111000001000000011001011000111110100100100000000101100010000010100011000101000001000000
10110001101000001101010000110000100110010100011100010110111010111001101111000101011000001101101011000101001100101010000010111000010011011101110011011111101100011100011111100011010000010100000001100001
01001101000100000110100000000011100100111000101101111011100001011101101001000110000111100011001010111010110101001000100000110110100100000011111000110100110111110001101110111100101110000001001001010010
10011101110100010010100110100111101000011110100000010100010111011010100101011100001100010110100010110001001100000100011100001000101110101001101101000011110110011010010111101001110000101100111101111101
10111000000100000111100111011100000001010001011011001010011110100111110110011111010110111101011011011011110111011110011011110101101101010011100100100101000001110111111001101111101010110110000100101010
01010101000110100000101110000010001100101111100000011001011111111010011110100000110011011011010111001101010011011110001111010010001101011001110101101000111011001001100111100011111000111100010100101110
00101010000011011111101000001110110110000000001111010010100011010100111100011100000100000000011000011000101000010111001101010010101100110110011101101100010011101110000011011010011111010000101110111100
11010000100011001100111101010010101101010011010001100010001011000111000011101011110000010100010011001100000001101001000101000110000110000011100011000110001000111100000011110011010101000110001100000110
10100000100111100011101011110111100111000000111111110101110111001001011000010110011100110100111011111011111110101011000010010000101010001011010001110000101001100101010001000011111000101111110010111011
00101101011110111001101010101000011010011001100001111100111101011100001100010000101100101111110110010010100111100011001100010001101111001000010111110010001000101011011111010011011011001000011111010001
01010000001111000110101011011011001010101100111100100110110000101101111001010011111001101001110000011111000011111101101110010010110000100011010101101101110100010011011101111000101010001101010110100001
00001010001001101000101001010000000110010100100011111000001100011101100001011000001100001111101011100001100000101000011110111000100100100010100101110011001110000101010001101001101101011111111010100011
00101101110010100000101001110100001010111001101011010101011010010111111110100001100101011101011110111000000001100111011100011011101001010010100101100100101001110101001111000100010010000011111010011001
01101001000110110101101101000100001101110101111001010100100101110010000010101001000110001100001111111100111101011000001111001011110111001100111110010000011000001110100110110101010001010111000011001110
10010111001000111000110011101100110001111011110000111011001001011011011111101111001001111001000001000101001101011111010000111111000101010010111000011100111111000000011101111010111101011101011010001000
11110000000100000000010011001001100110011001001100110000001110011100100010000111010110110011111001101010001011000110010010001110100011101000011101101010000000101101001100110000010001110001011001010101
11010110011000000010100000110100011010001000011111001000001000010101011011111000100100100001110011001100110101011011011010100011110100000011010001101111010010010010001001100101101101100110100111100001
10011010011011010110101011101001101011010111001000000110001111000000101011101001001101001000111010000001000000101001001111100000011110111011011101111100100100010101010111011111000001110010010011101110
00101011000010000111100101101010000110100101010000010000100000011101001001111100110001110111101011010001111010011001010111110011010010100111100100111011001101001100101100110111011011000110101011011110
11010110111111110010100000111111101001011100100010011011001110001011001001101001010101011111001100110001011100100101101100101110110001100101111010101101110011100101101110001010110000110001100101000110
10000000010111011110110101011101010010111100010101000011100101110101011110111111101100011101110010100011011011000001010010111011111110001100100101111000010100101100110010111100010111001100000010011000
00010000010110000110011101111001110101111001100001010100011011000110101000111010100111010011110111000011111011001100100101101110010111101010001010101001001001001000111100101000100100101111011001101010
11101000100010100100101101111011011001001101101010001110110101111010101010101101010010111011011110001101011110110101011011100001010010010101110000000011011101001110110010010101101010100100111110111100
10010111010110100001100100111101110111101110111011110011011010101000000000010000000001101101100011001011110001000100100101000111011001110000100110000001001010000111110101111110000000011101110110010001
10111111001100100001110101000011111011011100010001111001000101001110111100100011111010101011110110111100010110101100011101001110100101001110000111110000011010011010110001001001110000010110000100100011
00111010100011001110000001001100101110101101110110111100000111110011110100011111110111100010010010001101000001101110000101010001001000100010110100111110011111101100110010101110011010100010000100000001
10001111001110110100001000000001010000101011010000011001100011100000011000101010010111010000010011110001110110010110000000000000100000000000010001010100111110001101110000101011010010011110111110101010
11000110111011110110101100101100000001111011010100000001010011111010000000010000011100000001100100001100110011000101011100011100001010011010001101101001000011101011110101101110001010010011100001000011
10110110111101001110000010111001011100101000100011010110001000101000100000000111101111111011001101011001111011101010110101011101000100011010111101100011010011011111001011100100101000110010011100010110
11001110001011101010000100000010110010111100001011010010111101110110101011100100011000101110011001101001011000111010101011111001000100001110001011100111101011110000111110110001110010110001000010011011
01101111010100101100101011001001110011100010000110101111100100010010011101110110000000100100111110101000001001111010110001110101001010010000010100101100111011000111010110011000001100100110111101001101
01111010000100011110111100100111001010000101101010111010101001011001100010100001010000000001011001100101101011000000011101001001001001101101101100011101101011000000011100101110010011110010010001010101
01010011001101101111011110101000100100111110110000000110111100001100000110110110010000001010001101100011101010011101000001001101101111111101001111100101101111010000001111001110000001000011010001100101
01010010100110101000011101001101011100001111011100101010100111001110011101011001100111010111010010010110101010100000001100001011011011010000010111111010001101110000011111100101011110100110110100111101
10111000001011000000101111110001010001011100010111011011011011011101011000011011001100010000101100110110000011011111011001000001111011001011101001111100111101011111100110100001101100010001001001010100
01111010101101111110111111101011001110100111101100000010100010010110111010000010011110101100011101101111111100101001001110100101111101110011110111000010110111000111000101111000111101000111110110011010
10111100010111100101101000000010111001010001011001011111010001110000001111110110010100110101010000111101011111100110101011011010011100100111110101000110111001011111010101000100