101111011001111111111100010001011110100010011000010100001001000000100000110111111101111100010110100100111011000101010110011011000000110100111111
00110100010111000110110010110111001010101000000010110000101101111111100100000010010010001100101100110000111100111101001000001111011001101101110001010001111111011110110010011001101001101111001111111010
00110000101010001111111010101000000111011010100000111100100100111111110010000011011001101111110001011001111001101110100101011001110001000111111001110110011100011101011101101000100110111100000010100000
00011100011010000001111110101001100000000010001101101000110000111010001110111010010000000010100110011000010100110101111001101000100011010000100100000000010110011011100110011111001101010111011111001101
00101100111010111101001101011000110110011010100110100001011111110100110111011011000001100000110110110110010101111100110110001010010111001111100111001000110100001000100101000001001100111111101111111010
11110111000000010000010001110001001010000011001111010000100000100111001011100101110111110000010101100011001110001010010110010010100100000100001101111111011100010101101110011111010011100010011101111001
10011001101011100100011100100011101000100001000110111010110100100101000100000110010101011000010000111011000110010101100011001100010110010000001101111110000000100110011011001111100110011001110011111010
01011011001110110001101001101101011111101101101100100010101010110010110001011101101001001000101011101100101101000100100000100010001001010010110100000110100011010110101011000010011101001011100011000101
01011011011110001000100010100111011100011000010011000101100011100011010011000101100010100110000100001001011010010110110100011000011111001110011101011000010000010011001100110101011010100111000010101011
00001000110000111001011101010110000010111000000001010110100101100100011011010111110110111111001000100010110000100100001000011010000100111010111000100100001000001010010001101001010100111101101010100001
00101110110001100010110101010111001000110001110110100001000000110100011001111100001111100011000111101001011011010101100110101111111100100100001001001111011011101100010010110110110111010001101100001111
11100111111011100110111010001110011011101010100011001010101101111010011001110000111101001010011000010000001101100011101111110100101011000110100000010011110100011001101011101000110001111000010001100011
11000110101011001100111011010111001010011111111110010100100100010010111001001011110011110110010001001111001111010011110000101011010110111101101001000111011100001111011001100000000111000011010001000000
11110010110000101010001000011010110011010000101110010010100101011011001100010001011010000111111100100100111110110110101011011101011001001010111011100110111110101011011100000001000010011011101101000001
00000101010101001010001000001100011010100001010010100000100100101110000111000100000110111011010010101101101100001010001110010000001101010010110011110011011101011011110011100010010111111010110001100100
00110000100110111011011101111110011011111010101101100001001010100101010100011010000010111000001000110010111110000001100101111111101001111010000011001101101101011100110101001101110000111110010100101110
00111010100001011001110101100110100101101101001110011010000011010100010000001111101100010001110110110100000100111110010000011110100010100010100101100001010111000111000101010110111100111011010000110110
11011010100111011001110011000000111100001111111001010110001111001011000100001001110011101010000100111011011011011100010000001101101000001101001110010110110110001000100001001000011001111100100100100100
01100000110010010000011111010101101001101011110010010111010011000001000101101001001100011110101000101001010011111010111111111101001110010110110011110010010011101111101111111010101100001001000010101000
10110100011100001010011001010100010000111110001011111100101110110010110101111011100110101010100001101001100100001110100111111110110000110110000001110000111110100010000100111000011100100010011000111001
00001111111000000100010000111111111001111000110000011110111101101110010001111100100000011010011101000101100010100000100110000100111111001011001110011100011011010110111000011111111000110111000110000101
00111111110110111011011000101010101000010000010110101011010100100000000101011000010001011110000000110011110101011010010000110110111001011010000000100000101001001100011001000100000110110010000101100100
01000110101100100111000111111001110100110110101110101100010101100101111010010001010110100111010000101011100110101101010101101001011111111010000110010101110101111011100000000110011101110001101110100101
00101001011001001010011101010011110001001000010100111101001101101000001100100011111100101100100100111011101011011011100101101111000001000101001101100001110101111110110111101011000100101001001111101000
11011111011000011000010011010110001010101001111010110101100010010111111100010011010011001000100010001110011110000011001100001111011110111101101001001011011000011101101001111010101010000010111000101110
00011001011011001011100101011110101001011110111010101101000100001111000101100001010110011000011001110011001100110110000101110110110101000001111111110011011010011101010100001100110011000101100101001101
00011011110000000000001011010011001100000100011100010110010101011101011001100000001010000011010001101000100001111100100000100001010101101111100010010010000111001100110011011110001010000001011010110000
00111101110111111000011001000101100110110110100010000111110101110110010011001011110000001001011001001111111000000100110000101100010000001000001001101001000110010100011000010100011000101000000111100011
01111011111111000110001111101110101111110100111001001001110110000101011100010101111000111000010001110001111011000011010100010011111101011110110011011010111100011111001110000110011111101111011010010101
11110111011000100111110110010110011010111101100010010101101010001110100011101010000100010010111101001110100001010111001001110101011001001001001011110101111100110011000101110010010110110010111011000110
01011110101011011100111001011011100010101100001100011001010001101000000001011101111011010101110101001011110110101000011001101110101011110111101100110010111010000001011111001100001010010110001010100101
11010011101101011111010111001101011010001111110010010000011101000010010110100101100010111110011111101010011001001010100110001001100100010111010001101111001010101100011111011100110001111100100011111001
01000000010101100101100100001110010000000011010110101000100000011001000101000001110100111111011011001101111100010101100110101010000001000101101111010010001110100000101010110111101010001100011011010010
10111001010100101110100010001101001011100100000110001010001011000010101010100000000110010011110111011110111011101111001101101010100000000001000000000110110110001100101111000100010010010100011101100111
00001001100000010010100001111101011111000100001010111010011000110110111100110001011010101101011111001011110110011110001101101000100111110001011110000101001011110110100110110100110011101001100100111100
11000010101101011101011100011000110001111101011111000010010000100010010101011001100100001100110100110101101011110011100100111010001111100111101111111101000010000001111001011100100101101011011100010001
01011111001010011011110110011001010010011001010101010111010000100000111100110111100101010101001011010101001011000111001000001100010110010101000010111110010111001110011011110011100001010101010000000001
00011001101101001111100011011100001010110100100111101111101010101100011011101111011010110010110000000111101101010000000101001111101000000001000001110000000110010000110011001000111111110111110100000110
01000111100000100000100000111011100011010100001000110000110000110011110011111000110001010110001010110001010100001111100100000000000000000001101100111111001101111110011010011101010010101011111100100110
00001111100100101000111110110001100111010100011000001010011011011101110000011101000001110100000010010110110100001010000110101011100000001001110011010100100110001100001110000111000100011111011001100101
10010000110011100100101100001110001101111101001000110000011100111100101010100101110100011001001010011101000000110101101101100011010011111110100100000010010011111010100000100111101011000111010100101001
00000101001011001110110001110101100110000011001001101111010011010111101000010001111011110010011100100101101001010010000000011010001000010101011110010101011111011101101101011001010110101001011001001001
11110110001110110101110000011011010111011001111000011101101011111011001101101100101111100100000100100011110011010000100111100100110101110110100011010000010100101001011100000010101100001101101000111010
10110111100110100011101000000011110010010101100101111100110110111011000101100000000111111000111110100000101011110001000100111000110011101111011000111011101110010110100001000001010001100001011011011011
00011111111001000110111101001110110011111010000011001110001011110110000000001100000010111111000101000101110001011101101101101101110101100001101100110001000010110011011000001101111101100100000111101100
10111010011111001111010111111001010100110110001000110000101110001110000100101111110111101100011001110101111101110001010100010010100110000001000011110000110110111000101111110000011100100000101110111011
00101111110000011110100010110010101000001010110111111110011101000110100011101101111100000101010011001110011111001111101010001010010000111111100010100010101011000111101111111100100101001110000011100000
11111011110011001000111111111010110010001100011011110011110100100101101011110100100110111000000001011100100101111101110111100010011101101100110001101110011010111101100111111111110001000101111010001001
10000101000010010000001000001101111111011111000101101001001110110001010101100110110000001101001111110011010001011100011011001011011100101010100000001111000011111001111110010000001001001000110010110011
00001111001111010010000011110110011011011100010100011111110111101100100110011010011011110011111110100011000010101000111111101010100000011101101010000011110010010011111111001000001101100110111111000101
10011110011011101001010110011100010001111110011101100111000111010111011010001001101111000000101000000001110001101000000111111010100110000000001000110110100011000011101000111011101001000000001010011001
10000101001101011110011010001000110100001001000000000101100110111001100111110011010101110111110011010010110011101011110100110101100011011001101010011010000101111111010011011101101100000110000011011011
01100101011111001101100010100101110011111001110010001101000010001001010000010011001101010111111110101111011100000001000001000111000100101000001100111101000010000010011100101110010111011111000001010110
00110011100010100101100100101001000001000011011111110111000101011011100111110100111000100111011110011001100110101110010001110010001110100010000100011011101011010010010100010000011001010101100001000011
10110001100101011000110011000101100100000011011111100000001001100110110011111001100110011100111110100101101100111011000110100110110101111110110110110010001010101011001011000101110110100100100010101110
11001011010001001000001000100010010100101101000001101000110101101010110000100111010010111000110001010101101101111000100010001010011101110001100001001100010110001110001101001100010110001010011000010000
10010110100101101010011010111000100001101010100000111110000010110100100111100101100111111110101001100111000000010010011100111011110101010100100001000110000110111110101010111111001100100100111110000111
11011110110101000010000110101011111011101100100000111100111100111101100001010100000000101000011001111110001011100011001000111100011100001011101010000011001001000101110101101111100000010100011011111010
010101101110001111101101001111000111011010101000100111101110110010000010100010110100110100011101101101001110010110000101