1110010101111010
01101101001111011011100000100100000011011111000000000000111000001100111110110100011000011010010110011000100011111011001100000110010110011010100011111110010101110011110011110000111101000101101001010010
00000001101000100001010101111001010101111101110110110101100101011010100101100100100111110110001110110101110000011011010111011001111000011101101011111011001101101100101111100100000100100011110011010000
10011110010011010111011010001101000001010010100101110000001010110000110110100111000000111111011001010011010101000011110101111110011010101101101001110010011111010100011011100101111101010100010011100011
01110011010010011000111111010010011001110110100000001100011010011100011011011011001100111110110010011101101111011100110011110101010010001000010111101100010000001000010000101011001011001111110011111010
00111100101111111000001000110011011000000110001111010001101010101100100101101101100100110101111010001111101011110110010100110110001000110000101110001110000100101111110111101100011001110101111101110001
01010001001010011000000100001111000011011011100010111111000001110010000010111011101100101111110000011110100010110010101000001010110111111110011101000110100011101101111100000101010011001110011111001111
10101000000011000011101101000100010101001000111100101010110000111100100001011101010011100010100110010001111011100001110100011101110110100010101101001110010010101001001001110001010011101100001011101010
10101000010011111100110011011001100010010011111001101011111011011101111010010000011001001110010101100101000000011111101011101110011110000011001001100111101110001001110001001110011110100110110111101100
11001100001011100100000000000001101100001011011111111001000000100100100011001011001100001111001111010010000011110110011011011100010100011111110111101100100110011010011011110011111110100011000010101000
11111110101010000001110110101000001111001001001111111100100000110110011011111100010110011110011011101001010110011100010001111110011101100111011010101011110100000110001011000100010000000110100010010001
01111010000100110001010001010110110001001100011101010010011100011101000001010011011000011111011011111001100101010101101101000010010001011010011001110111011011110010101011101011100110110000100111000010
10110110111000011111011000010011000001111110111010001010111100110100110001001111001110011010111010001110000001001111100110100110100001001111000100000010110000110110001111111011111110101111011100000001
00000100011100010010100000110011110100001000001001110010111001011101111100000101011000110011100010100101100100101001000001000011011111110111000101011011100111110100111000100111011110011001100110101110
01000111001000111010001000010001101110101101001001010001000001100101010100011100001100100111011111100001100110001010011000010111111010000000000111011101100010110111001101111100101101001011001101110110
01100101110111101110100111100111000001000000011001011000111110100100100000000101100010000010100011000101000001000000101100011010000011010100101110000100110000001011100000110101110111101111011010100001
00000100010111101010001100011101100011110100100001101100110011100101010110000110000101111001001010000000100000111000100001101010100000111110000010110100100111100101100111111110101001100111000000010010
01110011101111010101010010000100011000011011111010101011111100110010010011111000011111011110110101000010000110101011111011101100100000111100111100111101100001010100000000101000011001111110001011100011
00100110100010110001001100000100011100001000101110101001101101000011110110011010010111101001110000101100111101111101101110000001000001111001110111000000010100010110110010100111101001111101100111110101
10111101011011011011110111011110011011110101101101010011100100100101000001110001001000101001101100111101110100100111011010011110100000011110000011001111011101000100000101100000100110111110100111111110
01100111110010111001011011010110110100011000011111001110011101011000010000010011001100110101011010100111000010101011000010001100001110010111010101100000101110000000010101101001011001000110110101111101
10111111001000100010110000100100001000011010000100111010111000100100001000001010010001101001010100111101101010100001001011101100011000101111010100101011010100110100011000100010110001110000111010111100
00010100010011001100000001101001000101000110000110000011100011000110001000111100000011110011010101000110001100000110101000001001111000111010111101111001110000001111111101011101110010010110000101100111
00111010111111011101111101010111100001100000010111101111001000010000011100010000001000001011010100110111111011110101101101000001110111100111111111001011110011101100001111100101001011100011101010000101
10011101011001101001011011010011100110100000110101000100000011111011000100011101101101000001001111100100000111101000101000101001011000010101110001110001010101101111001110110100001101101101101010011101
10011100110000001111000011111110010101100011110010110001000010011100110100010011011101111000101010001101010110100001000010100010011010001010010100000001100101001000111110000011000111011000010110000011
00001111101011100001100000101000011110111000100100100010100101110011001110000101010001101001101101011111111010100011001011011100101000001101100110100011111101000111010000100001010000010111110110100100
00001100101111011100001010010001101110000111011100001011111000110010010100010000100101100010000011101001111111101100001101100000011100001111101000100001001110000111001000100110001110010000111111100000
01000100001111111110011110001100000111101111011011100100011111001000000110100111010001011000101000001001100001001111110010110011100111000110110101101110000111111110001101110001100001010011111111011011
01111001000001000101001101011111010000111111000101010010111000011100111111000000011101111010111101011101011010001000111100000001000000000100110010011001100110010011001100000011100111001000100001110101
10110011111001101010001011000110010010001110100011101000011101101010000010111100000100110010000010111010100100101010111000010011001010111110101100100001010011001011111001100011000010100001011111001100
00011010111001101100110010000101001111010011011010000011001000111111001011001001001110111010110110111001011011110000010001010011011000011101011111101101111010110001001010010011111010001101111101100001
10000100110101100010101010011110101101011000100101111111000100110100110010001000100011100111100000110011000011110111101111011010010001111001011010100001101001010100000100001000000111010010011111001100
01110111101011010001111010011001010111110011010010100111100100111011001101001100101100110111011011000110101011011110110101101111111100101000001111111010010111001000100110110011100010110010011010010101
00000101101100110010000110011010011110011111111010111000110101010100010001111000110101000101111010010000010000101011110010100000011001010110100011001000111111100010100000010110101100000011110111011111
10000110010001011001101101101000100001111101011101100100110010111100000010010110010011111110000001001100001011000100000010000010011010010001100101000110000101000110001010000001111000110111101111111100
01100011111011101011111101001110010010011101100001010111000101011001001001001000111100101000100100101111011001101010111010001000101001001011011110110110010011011010100011101101011110101010101011010100
10111011011110001101011110110101011011100001010010010101110000000011011101001110110010010101101010100100111110111100100101110101101010101110001101100110111101011111011100011001110111001010100000001010
10011100111001100101010010000010011000101001100100010000111011101000101111101011110000111101101010000110011011101010111101111011001100101110100000010111110011000010100101100010101001011101001110110101
11110101110011010110100011111100100100000111010000100101101001011000101111100111111010100110010010101001100010011001000101110100011011110010101011000111110111001100011111001000111110010100000001011101
11100010010010001101000001101110000101010001001000100010110100111110011111101100110010101110011010100010000100000001100011110011101101000010000000010100001010110100000110011000111000000110001010100101
11010000010011110001110110010110000000000000100000000000010001010010011101101110111010011101100011100111110101010101010000110101010110011111000111000010100111011000001010001010110111110000001000000011
00000000111010101110110001000010101110100110001101101111001100010110101011010111110010111101100111100011011010001001111100010111100001010010111101101001101101001100111010011001001111001100001010110101
11010111000110001100011111010111110000100100001000100101010110011001000011001101001101011010111100111001001110100011111001111011111010100001000000101100101111000010110100101111011101101010111001000110
00101110011001101001011000111010101011111001000100001110001011100111101011110000111110110001110010110001000010011011011011110101001011001010110010011100111000100001101011111001000100100111011101101000
10110000111111010100001110010111110010110000000111001000100010111100011101001001000011100110101100010011110110100100000101110000101001010111001100011001110010001111111101111101000001100100011110000010
00001000001110111000110101000010001100001100001100111100111110001100010101100010101100010101000011111001000000000000000000011011001111110011011111100110100111010100101010111111001001100000111110010010
10001111101100011001110101000110000010100110110111011100000111100101101111010000001111001110000001000011010001100101010100101001101010000111010011010111000011110111001010101001110011100111010110011001
11010111010010010110101010100000001100001011011011010000010111111010001101110000011111100101011110100110110100111101101110000010010000001101111100000000000011100000110011111011010001100001101001011001
10001000111110110011000001100101100110101000111111100101011100111100111100001111010001011010010100100000000110100010000101010111100101010111110111011011010110010101101010010110010010011111011000111011
01011100000110110101110110011110000111011010111110110011011011001011111001000001001000111100110100001001111001001101011101101000110100000101001010010111000000101011000011011010001110101011011101100101
00110101010000111101011111100110101011011010011100100111110101000110111001011111010101000100111000110111001101001001100011111101001001100111011010000000110001101001110001101101101100110011111011001001
11011011110111001100111101010100100010000101111011000100000010000100001010110010110011111100111110100011110010111111100000100011001101100000011000111101000110101010110010010110110110010011010111101000
11111010111101100101001101100010001100001011100011100001001011111101111011000110011101011111011100010101000100101001100000010000111100001101101110001011111100000111001000001011101110110010111111000001
11101000101100101010000010101101111111100111010001101000111011011111000001010100110011100111110011111010100010100100001111110100010001010100100011110010101011000011110010000101110101001110001010011001
00011110111000011101000111011101101000101011010011100100101010010010011100010100111011000010111010101010100001001111110011001101100110001001001111100110101111101101110111101001000001100100111001010110
01010000000111111010111011100111100000110010011001111011100010011100010011100111101001101101111011001100110000101110010000000000000110110000101101111111100100000010010010001100101100110000111100111101
00100000111101100110110111000101000111111101111011001001100110100110111100111111101000110000101010001111111010101000000111011010100000111100100100111111110010000011011001101111110001011001111001101110
10010101100111000100011111100111011001110001110101110110000001100010110001000100000001101000100100010111101000010011000101000101011011000100110001110101001001110001110100000101001101100001111101101111
100110010101010110110100001001000101101001100111