001110111010110110111001011011110000010001010011011000011101111010011010110101110010000001100011110000001010111010010011010010001110100000010000001010010011111000000111101110110111011111001001
00010101010111011111000001110010010011101110001010110000100001111001011010100001101001010100000100001000000111010010011111001100011101111010110100011110100110010101111100110100101001111001001110110011
01001100101100110111011011000110101011011110110101101111111100101000001111111010010111001000100110110011100010110010011010010101000001011011001100100001100110100111100111111110101110001101010101000100
01111000110101000101111010010000010000101011110010100000011001010110100011001000111111100010100000010110101100000011110111011111100001100100010110011011011010001000011111010111011001001100101111000000
00101100110010111100010111001100000010011000000100000101100001100111011110011101011110011000010101000110110001101010001110101001110100111101110000111110110011001001011011100101111010100010101010010010
01001000111100101000100100101111011001101010111010001000101001001011011110110110010011011010100011101101011110101010101011010100101110110111100011010111101101010110111000010100100101011100000000110111
01001110110010010101101010100100111110111100100101110101101010101110001101100110111101011111011100011001110111001010100000001010100111001110011001010100100000100110001010011001000100001110111010001011
11101011110000111101101010000110011011101010111101111011001100101110100000010111110011000010100101100010101001011101001110110101111110111101101111000101101011000111010011101001010011100001111100000110
10011010110001001001110000010110000100100011001110101000110011100000010011001011101011011101101111000001111100111101000111111101111000100100100011010000011011100001010100010010001000101101001111100111
11101100110010101110011010100010000100000001100011110011101101000010000000010100001010110100000110011000111000000110001010100101110100000100111100011101100101100000000000001000000000000100010100100111
01101110111010011101100011100111110101010101010000110101010110011111000111000010100111011000001010001010110111110000001000000011000000001110101011101100010000101011101001100011011011110011000101101010
11010111110010111101100111100011011010001001111100010111100001010000101110010111001010001000110101100010001010001000000001111011111110110011010110011110111010101101010111010001000110101111011000110100
11011111001011100100101000110010011100010110110011100010111010100001000000101100101111000010110100101111011101101010111001000110001011100110011010010110001110101010111110010001000011100010111001111010
11110000111110110001110010110001000010011011011011110101001011001010110010011100111000100001101011111001000100100111011101101000101100001111110101000011100101111100101100000001110010001000101111000111
01001001000011100110101100010011110110100100000101110000101001010111001100011001110010001111111101111101000001100100011110000010000010000011101110001101010000100011000011000011001111001111100011001010
11000000011100101110010011110010010001010101010100110011011011110111101010001001001111101100000001101111000011000001101101100100000010100011011000111010100111010000010011011011111111010011111001011011
11010000001111001110000001000011010001100101010100101001101010000111010011010111000011110111001010101001110011100111010110011001110101110100100101101010101000000011000010110110110100000101111110100011
01110000011111100101011110100110110100111101101110000010010000001101111100000000000011100000110011111011010001100001101001011001100010001111101100110000011001011001101010001111111001010111001111001111
00001111010001011010010100100000000110100010000101010111100101010111110111011011010110010101101010010110010010011111011000111011101011000111011011111111001010010011101001011111011100111101110000101101
11000111000101111000111101000111110110011010101111000101111001011010000000101110010100010110010111110100011100000011111101100101001101010100001111010111111001101010110110100111001001111101010001101110
01011111010101000100111000110111001101001001100011111101001001100111011010000000110001101001110001101101101100110011111011001001110110111101110011001111010101001000100001011110110001000000100001000010
10110010110011111100111110100011110010111111100000100011001101100000011000111101000110101010110010010110110110010011010111101000111110101111011001010011011000100011000010111000111000010010111111011110
11000110011101011111011100010101000100101001100000010000111100011111001101010111101100001111010001010111011101100000111011010110100101000110000101010100010010111011100111111100100001001101101111110100
10101100110010001011110110110001000100001100001110110100010001010100100011110010101011000011110010000101110101001110001010011001000111101110000111010001110111011010001010110100111001001010100100100111
00010100111011000010111010101010100001001111110011001101100110001001001111100110101111101101110111101001000001100100111001010110010100000001111110101110111001111000001100100110011110111000100111000100
11100111101001101101111011001100110000101110010000000000000110110000101101111111100100000010010010001100101100110000111100111101001000001111011001101101110001010001111111011110110010011001101011011010
01101011010000100000000100011111100100000000011111100101000001111001001100111110110001000111110110001011100110110111100110001000011111110110100110001010100010111000101001101010101111010000011000101100
01000100000001101000100100010111101000010011000101000101011011000100110001110101001001110001110100000101001101100001111101101111100110010101010110110100001001000101101001100111011101101111001010101110
10111001101100001001110000101011011011100001111101100001001100000111111011101000101011110011010011000100111100111001101011101000111000000100111110011010011010000100111100010000001011000011011000111111
10111111101011110111000000010000010001110001001010000011001111010000100000100111001011100101110111110000010101100011001110000000101100100101011101011101011110111011101001111110001101101111110010000001
10101111011101110111010011001001111001010011010001000010001000100001111000011011011100011101101110110001110000110010011101111110000110011000101001100001011111101000000000011101110110001011011100110111
11001011010010110011011101100110010111011110111010011110011100000100000001100101100011111010010010000000010110001000001010001100010100000100000010110001101000001101010010111000010011000000101110000011
01011101111011110110101000010000010001011110101000110001110110001111010010000110110011001110010101011000011000010111100100101000000010000011100010000110101010000011111000001011010010011110010110011111
11101010011001110000000100100111001110111101010101001000100010000011011010010000001111100011010011011111000110111011110010111000000100100101001010011101110100010010100110100111101000011110100000010100
01011101101010010101110000110001011010001011000100110000010001110000100010111010100110110100001111011001101001011110100111000010110011110111110110111000000100000111100111011100000001010001011011001010
01111010011111011001111101011011110101101101101111011101111001101111010110110101001110010010010100000111000100100010100110110011110111010010011101101001111010000001111000001100111101110100010000010110
00001001101111101001111111100110011111001011100101101101011011010001100001111100111001110101100001000001001100110011010101101010011100001010101100001000110000111001011101010110000010111000001111010010
10001101010011110001110000010000000001100001100010100001011100110101001010110011011001110110110001001110111000001101101001111101000010111011110011010000100011001100111101010010101101010011010001100010
00101100011100001110101111000001010001001100110000000110100100010100011000011000001110001100011000100011110000001111001101010100011000110000011010100000100111100011101011110111100111000000111111110101
11011100100101100001011001110011101011111101110111110101011110000110000001011110111100100001000001110001000000100000101101010011011111101111010110110100000111011110011111111100101111001110110000111110
01010010111000111010100001011001110101100110100101101101001110011010000011010100010000001111101100010001110110110100000101101100100001111101000101010000001111000110101011011011001010101100111100100110
11000010110111100101001111100110100111000001111100001111110110111001001011000010001101010110110111010001001101110111100010101000110101011010000100001010001001101000101001010000000110010100100011111000
00110001110110000101100000110000111110101110000110000010100001111011100010010010001010010111001100111000010101000110100110110101111111101010001100101101110010100000110110011010001111110100011101000010
00010100000101111101101001000000110010111101110000101001000110111000011101110000101111100011001001010001000010010110001000001110100111111110110000110110000001110000111110100010000100111000011100100010
01100011100100001111111000000100010000111111111001110101100000111100101111011100110011111001000001100000111010011011010101000101011100001100111010010111001000111000110011101100110001111011110000111011
00100101101101111110111100100111100100000100010100110101111101000011111100010101001011100001110011111100000001110111101011110101110101101000100011110000000100000000010011001001100110011001001100110000
00111001110010001000011101011011001111100110101000101100011001001000111010001110100001110110101000001011110000010011001000001011101010010010101011100001001100101011111010110010000101001100101111100110
00110000101000010111110011000001101011100110110011001000010100111101001101101000001100100011111100101100100100111011101011011011100101101111000001000101001101100001110101111110110111100111001000000110
00111100000010101110100100110100100011101000000100000010100100111110000001111011101101110111110010010001010101011101111100000111001001001110111000101011000010000111100101101010000110100101010000010000
10000001110100100111110011000111011110101101000111101001100101011111001101001010011110010011101100110100110010110011011101101100011010101101111011010110111111110010100000111111101001011100100010011011
00111000101100100110100101010000010110110011001000011001101001111001111111101011100011010101010001000111100011010100010111101001000001000010101111001010000001100101011010001100100011111110001010000001
01101011000000111101110111111000011001000101100110110110100010000111110101110110010011001011110000001001011001001111110001011100110000001001100000010000010110000110011101111001110101111001100001010100
01101100011010100011101010011101001111011100001111101100110010010110111001011110101000101010100100100100100011110010100010010010111101100110101011101000100010100100101101111011011001001101101010001110
11010111101010101010110101001011101101111000110101111011010101101110000101001001010111000000001101110100111011001001010110101010010011111011110010010111010110101010111000110110011011110101111101110001
10011101110010101000000010101001110011100110010101001000001001100010100110010001000011101110100010111110101111000011110110101000011001101110101011110111101100110010111010000001011111001100001010010110
00101010010111010011101101011111010111001101011001011010110001110100111010010100111000011111000001101001101011000100100111000001011000010010001100111010100011001110000001001100101110101101110110111100
00011111001111010001111111011110001001001000110100000110111000010101000100100010001011010011111001111110110011001010111001101010001000010000000110001111001110110100001000000001010000101011010000011001
10001110000001100010101001011101000001001111000111011001011000000000000010000000000001000101001001110110111011101001110110001110011111010101010101000011010101011001111100011100001010011101100000101000
101011011111000000100000001100000000111010101110110001000010101110100110