100101111111101000011001010111010111101110000000011001110111000110111010
01010010100101100100101001110101001111000100010010000011111010011001011010010001101101011011010001000011011101011110010101001001011100100000101010010001100011000011111111001111010110000011110010111101
11001100111110010000011000001110100110110101010001010111000011001110100101110010001110001100111011001100011110111100001110110010010110110111111011110010011110010000010001010011010111110100001111110001
01010010111000011100111111000000011101111010111101011101011010001000111100000001000000000100100001100111001100110011011000010111011011010100000111111111001101101001110101010000110011001100010110010100
11010001101111000000000000101101001100110000010001110001011001010101110101100110000000101000001101000110100010000111110010000010000101010110111110001001001000011100110011001101010110110110101000111101
00000011010001101111010010010010001001100101101101100110100111100001100110100110110101101010111010011010110101110010000001100011110000001010111010010011010010001110100000010000001010010011111000000111
10111011011101111100100100010101010111011111000001110010010011101110001010110000100001111001011010100001101001010100000100001000000111010010011111001100011101111010110100011110100110010101111100110100
10100111100100111011001111011001011001101011110110001001010110101000111010001110101000010001001011110100111010000101011100100111010101100100100100101111010111110011001100010111001001011011001011101100
01100101111010101101110011100101101110001010110000110001100101000110100000000101110111101101010111010100101111000101010000111001011101010111101111111011000111011100101000110110110000010100101110111111
10001100100101111000010100101100110010111100010111001100000010011000000100000101100001100111011110011101011110011000010101000110110001101010001110101001110100111101110000111110110011001001011011100101
11101010001010101001001001001000111100101000100100101111011001101010111010001000101001001011011110110110010011011010100011101101011110101010101011010100101100111010000010101011011110101000110001101101
00101011100101010010111010001000110100101110010000011000101000101100001010101010000000011001001111011101111011101110111100110110101010000000000100000000011011011000110010111100010001001001010001110110
01110000100110000001001010000111110101111110000000011101110110010001101111110011001000011101010000111110110111000100011110010001010011101111001000111110101010111101101111000101101011000111010011101001
01001110000111110000011010011010110001001001110000010110000100100011001110101000110011100000010011001011101011011101101111000001111100111101000111111101111000100100100011010000011011100001010100010010
00100010110100111110011111101100110010101110011010100010000100000001100011110011101101000101010100101101010100101100011100100000110001011001010100001011111001011100111001101111001110000101010101000000
00010001100110110100111110001101110000101011010010011110111110101010110001101110111101101011001011000000011110110101000000010100111110100000000100000111000000011001000011001100110001010111000111000010
10011010001101101001000011101011110101101110001010010011100001000011101101101111010011100000101110010111001010001000110101100010001010001000000001111011111110110011010110011110111010101101010111010001
00011010111101100011010011011111001011100100101000110010011100010110110011100010111010100001000000101100101111000010110100101111011101101010111001000110001011100110011010010110001110101010111110010001
00001110001011100111010010110000111000110111110100100011000001110011110010101010010111010001100100101001110100000011010110110110001101001111111010010000001001001111101010000010011110101100011101010010
10010000010100101100111011000111010110011000001100100110111101001101011110100001000111101111001001110010100001011010101110101010010110011000101000010100000000010110011001011010110000000111010010010010
01101101101100011101101011000000011100101110010011110010010001010101010100110011011011110111101010001001001111101100000001101111000011000001101101100100000010100011011000111010100111010000010011011011
11111101001111100101101111010000001111001110000001000011010001100101010100101001101010000111010011010111000011110111001010101001110011100111010110011001101110111001011010000100000101000110000101101101
10110001111111100100011011110100111011001111101000001100111000101111011000000000110000001011111100010100010111000101110110110110110111010110000110110011000100001011001101100000110111110110010000011110
11001011101001111100111101011111100110100001101100010001001001010100011110101011011111101111111010110011101001111011000000101000100101101110100000100111101011000111011011111111001010010011101001011111
01110011110111000010110111000111000101111000111101000111110110011010101111000101111001011010000000101110010100010110010111110100011100000011111101100101001101010100001111010111111001101010110110100111
00100111110101000110111001011111010101000100111000110111001101001001100011111101001010011011100000000101110010010111110111011110001001110110110011000110111001101011110110011111111111000100010111101000
10011000010100001001000000100000110111111101111100010110100100111011000101010110011011000000110100111111001101000101110001101100101101110010101010000000111100001111100111110110100000010010010001100101
10010010010110111110100110001101101110111110111000101010011101000111010001100100111100011111001101010111101100001111010001010111011101100000111011010110100101000110000101010100010010111011100111111100
10000100110110111111010010101100110010001011110110110001000100001100001110110100010001010100100011110010101011000011110010000101110101001110001010011001000111101110000111010001110111011010001010110100
11100100101010011011001000101010101100101100010111011010010010001010111011001011010001001000001000100010010100101101000001101000110101101010110000100111010010111000110001010101101101111000100010001010
01110111000110000100110001011000111000110100110001011000101001100001000010010110100101101010011010110100111010110101011000011101101001110000010001110010111001010101010110110001100010101011101100011111
11000010001001000000101100100101011101011101011110111011101001111110001101101111110010000001101011110111011101110100110010011110010100110100010000100010001000011110000110110111000111011011101100011100
00110010011101111110000110011000101001100001011111101000000000011101110110001011011100110111110010110100101100110111011001100101110111101110100111101011010011010001110110110100111001011000010101001011
01000101010001001101101101011000010100100011010000011010100000110000100110010100011100010110111010111001101111000101011000001101101011000101001100101010000010111000010011011101110011011111101100011100
01111110001101000001010000000110000101001101000100000110100000000011100100111000101101111011100001011101101001000110000111100011001010111010110101001000100000110110100100000011111000110100110111110001
10111011110010111000000100100101001010011101110100010010100110100111101000011110100000010100010111011010100101011100001100010110100010110001001100000100011100001000101110101001101101000011110110011010
01011110100111000010110011110111110110111000000100000111100111011100000001010001110111010001101100001111111001111110111001101110100011100110111010101000110010101011011110100110011100001111010010100110
00010000001101100011101111110100101011000110100000010011110100011001101011101000110001111000010001100011110001101010110011001110110101110010100111111101111000100100101010011101101011110100110100110010
00100111101111000001111000010101001001010100110100100011101110101101000100110000000011101001001010001000110110111110101101111011000001010100110000001101010000110100001001110001100000001001010000010101
10011000011111110011111101000100001100001101110111010001111111111111000100100010101001000111010100101000100010101000001011010011001011000011110110101010011100001110101101011000010010001010110111011000
11010110110100001010001110010000001101010010110011110011011101011011110011100010010111111010110001100100001100001001101110110111011111100110111110101011011000010010101001010101000110100000101110000010
00110010111110000001100101111111101001111010000011001101101101011100110101001101111000111101001000110101100111010110100011101100100110011110001111100011110001010010111000101010000011011111101000001110
11011000000000111101001010001101010011110001110000010000000001100001100010100001011100110101001010110011011001110110110001001110111000001101101001111101000010111011110011010000100011001100111101010010
10110101001101000110001000101100011100001110101111000001010001001100110000000110100100010100011000011000001110001100011000100011110000001111001110111100100101110100110000010001011010010011000111101010
00101001010011111010111111111101001110010110110011110010010011101111101111111010101100001001000010101000101101000111000010100110010101000100001111100010111111001011101100101101011110111001101010101000
01101001100110000111110011110101110000110001000010110010111111011001001010011110001100110001000110111100100001011111001000100010101101111101001101101100100001111101000101010000001111000110101011011011
00101010110011110010011011000010110111100101001111100110100111000001111100001111110110111001001011000010001101010110110111010001001101110111100010101000110101011010000100001010001001101000101001010000
00011001010010001111100000110001110110000101100000110000111110101110000110000100000110110010000101100100010001101011001001110001111110011101001101101011101011000101011001011110100100010101101001110100
00101011100110101101010101101001011111111010000110010101110101111011100000000110011101110001101110100101001010010110010010100111010100111100010001001000001111101001100101101001000110110101101101000100
00110111010111100101010010010111001000001010100100011000110000111111110011110101100000111100101111011100110011111001000001100000111010011011010101000101011100001100111010010111001000111000110011101100
11000111101111000011101100100101101101111110111100100111100100000100010100110101111101000011111100010101001011100001110011111100000001110111101011110101110101101000100011110000000100000000010011001001
10011001001100110110000101110110110101000001111111110011011010011101010100001100110011000101100101001101000110111100000000000010110100110011000001000111000101100101010111010110011000000010100000110100
01101000100001111100100000100001010101101111100010010010000111001100110011010101101101101010001111010000001101000110111101001001001000100110010110110110011010011110000110011010011011010110101011101001
10101101011100100000011000111100000010101110100100110100100011101000000100000010100100111110000001111011101101110111110010010001010101011101111100000111001001001110111000101011000010000111100101101010
00011010010101000001000010000001110100100111110011000111011110101101000111101001100101011111001101001010011110010011101100110100110010110011101111011000100101011010100011101000111010100001000100101111
01001110100001010111001001110101011001001001001011110101111100110011000101110010010110110010111011000110010111101010110111001110010110111000101011000011000110010100011010000000010111011110110101011101
01001011110001010100001110010111010101111011111110110001110111001010001101101100000101001011101111111000110010010111100001010010110011001011110001011100110000001001100000010000010110000110011101111001
11010111100110000101010001101100011010100011101010011101001111011100001111101100110010010110111001011110101000101010100100100100100011110010100010010010111101100110101011101000100010100100101101111011
011001001101101010001110110101111010101010101101010010111011011110001101101101111010100011000110110100101011100101010010111010001000110100101110010000011000101000101100001010101010000000011001