101011110100110100110010001001111011110000011110000101010010010101001101001000111011101011010001001100000000111010010010100010001101101111101011011110110000010101001100000011010100001101000010
01110001100000001001010000010101100110000111111100111111010001000011000011011101110100011111111111110001001000101010010001110101001000010000010101010100101000100000110001101010000101001010000010010010
11100001110001000001101110110100101011011011000010100011100100000011010100101100111100110111010110111100111000100101111110101100011001000011000010011011101101110111111001101111101010110110000100101010
01010101000110100000101110000010001100101111100000011001011111111010011110100000110011011011010111001101010011011110001111010010001101011001110101101000111011001001100111100011111000111100010100101110
00101010000011011111101000001110110110000000001111010010100011010100111100011100000100000000011000011000101000010111001101010010101100110110011101101100010011101110000011011010011111010000101110111100
11010000100011001100111101010010101101010011010001100010001011001010000011010011100101101101100010001000010010000110011111001001001001000110000011001001000001111101010110100110101111001001011101001100
00010001011010010011000111101010001010010100111110101111111111010011100101101100111100100100111011111011111110101011000010010000101010001011010001110000101001100101010001000011111000101111110010111011
00101101011110111001101010101000011010011001100001111100111101011100001100010000101100101111110110010010100111100011001100010001101111001000010111110010001000101011011111010011011011001000011111010001
01010000001111000110101011011011001010101100111100100110110000101101111001010011111001101001110000011111000011111101101110010010110000100011010101101101110100010011011101111000101010001101010110100010
00000001010110000100010111100000001100111101010110100100001101101110010110100000001000001010010011000110010001000001101100100001011001000100011010110010011100011111100111010011011010111010110001010110
01011110100100010101101001110100001010111001101011010101011010010111111110100001100101011101011110111000000001100111011100011011101001010010100101100100101001110101001111000100010010000011111010011001
01101001000110110101101101000100001101110101111001010100100101110010000010101001000110001100001111111100111101011000001111001011110111001100111110010000011000001110100110110101010001010111000011001110
10010111001000111000110011101100110001111011110000111011001001011011011111101111001001111001000001000101001101011111010000111111001011100001100101101100101110010101111010100101111011101010110100010000
11110001011000010101100110000110011100110011001101100001011101101101010000011111111100110110100111010101000011001100110001011001010011010001101111000000000000101101001100110000010001110001011001010101
11010110011000000010100000110100011010001000011111001000001000010101011011111000100100100001110011001100110101011011011010100011110100000011010001101111010010010010001001100101101101100110100111100001
10011010011011010110101011101001101011010111001000000110001111000000101011101001001101001000111010000001000000101001001111100000011110111011011101111100100100010101010111011111000001110010010011101110
00101011000010000111100101101010000110100101010000010000100000111111010111101100110110101111000111110011100001100111111011110110100101011111011101100010011111011001011001101011110110001001010110101000
11101000111010100001000100101111010011101000010101110010011101010110010010010010111101011111001100110001011100100101101100101110110001100101111010101101110011100101101110001010110000110001100101000110
10000000010111011110110101011101010010111100010101000011100101110101011110111111101100011101110010100011011011000001010010111011111110001100100101111000010100101100110010111100010111001100000010011000
00010000010110000110011101111001110101111001100001010100011011000110101000111010100111010011110111000011111011001100100101101110010111101010001010101001001001001000111100101000100100101111011010000001
10010001010000011101001111110110110011011111000101011001101010100000010001011011110100100011101000001010101101111010100011000110110100101011100101010010111010001000110100101110010000011000101000101100
00101010101000000001100100111101110111101110111011110011011010101000000000010000000001101101100011001011110001000100100101000111011001110000100110000001001010000111110101111110000000011101110110010001
10111111001100100001110101000011111011011100010001111001000101001110111100100011111010101011110110111100010110101100011101001110100101001110000111110000011010011010110001001001110000010110000100100011
00111010100011001110000001001100101110101101110110111100000111110011110100011111110111100010010010001101000001101110000101010111000100010101111100101001101111011001100101001001100101010101011101000010
00001111001101111001010101010010110101010010110001110010000011000101100101010000101111100101110011100110111100111000010101010100000000010001100110110100111110001101110000101011010010011110111110101010
11000110111011110110101100101100000001111011010100000001010011111010000000010000011100000001100100001100110011000101011100011100001010011010001101101001000011101011110101101110001010010011100001000011
10110110111101001110000010111001011100101000100011010110001000101000100000000111101111111011001101011001111011101010110101011101000100011010111101100011010011011111001011100100101000110010011100010110
11001110001011101010000100000010110010111100001011010010101010111000000010011100110101001001100011000011100001110001000111110110011001011001000011001110010010110000111000110111110100100011000001110011
11001010101001011101000110010010100111010000001101011011011000110100111111101001000000100100111110101000001001111010110001110101001010010000010100101100111011000111010110011000001100100110111101001101
01111010000100011110111100100111001010000101101010111010101001011001100010100001010000000001011001100101101011000000011101001001001001101101101100011101101011000000011100101110010011110010010001010101
01010011001101101111011110101000100100111110110000000110111100001100000110110110010000001010001101100011101010011101000001001101101111111101001111100101101111010000001111001110000001000011110011011011
10110001011000000001111110001111101000001010111100010001001110001100111011110110001110111011100101101000010000010100011000010110110110110001111111100100011011110100111011001111101000001100111000101111
01100000000011000000101111110001010001011100010111011011011011011101011000011011001100010000101100110110000011011111011001000001111011001011101001111100111101011111100110100001101100010001001001010100
01111010101101111110111111101011001110100111101100000010100010010110111010000010011110101100011101101111111100101001001110100101111101110011110111000010110111000111000101111000111101000111110110011010
10111100010111100101101000000010111001010001011001011111010001110000001111110110010100110101010000111101011111100110101011100000111000001111101111001100100011111111101011001000110001101111001111010010
01011010111101001001101110000000010111001001011111011101111000100111011011001100011011100110101111011001111111111100010001011110100010011000010100001001000000100000110111111101111100010110100100111011
00010101011001101100000011010011111100110100010111000110110010110111001010101000000011110000111110011111011010000001001001000110010110010010010110111110100110001101101110111110111000101010011101000111
01000110010011110001111100110101011110110000111101000101011101110110000011101101011010010100011000010101010001001011101110011111110010000100110110111111010010101100110010001011110110110001000100001100
00111011010001000101010010001111001010101100001111000001111110101001100000000010001101101000110000111010001110111010010000000010100110011000010100110101111001101000100011010000100100000000010110011011
10011001111100110101011101111100110100101100111010111101001101011000110110011010100110100001011111110100110111011011000001100000110110110110010101111100110110001010010111001111100111001000110100001000
10010100000100110011010101111111111101110001000010000000100000110010000111100011101101000000111010011001101111011010011011111010100010010011001101001101101001101011010000100000000100011111100100000000
01111110010100000111100100110011111011000100011111011000101110011011011110011000100001111111011010011000101010001011100010100110101010111101000001100010110001000100000001101000100100011110000000100110
01101100111110011001100111001111101001011011001110110001101001101101011111101101101100100010101010110010110001011101101001001000101011101100101101000100100000100010001001010010110100000110100011010110
10101100001001110100101110001100010101011011011110001000100010100111011100011000010011000101100011100011010011000101100010100110000100001001011010010110101001101011010011101011010101100001110110100111
00000100011100101110010101010101101100011000101010111011000111111100001000100100000010110010010101110101110101111011101110100111111000110110111111001000000110101111011101110111010011001001111001010011
01000100001000100010000111100001101101110001110110111011000111000011001001110111111000011001100010100110000101111110000101000110111110100101011011100011111011010011110001110110101010001001111011101100
10000010100010110100110100011101101101001110010110000101010010110100010101000100110110110101100001010010001101000001101010000011000010011001010001110001011011101011100110111100010101100000110110101100
01010011001010100000101110000100110111011100110111111011000111000111111000110100000101000000011000010100110100010000011010000000001110010011100010110111101110000101110110100100011000011110001100101011
10101101010010001000001101101001000000111110001101001101111100011011101111001011100000010010010100101001110111010001001010011010011110100001111010000001010001011101101010010101110000110001011010001011
00010011000001000111000010001011101010011011010000111110001100011110100101101101010110011010111111110010010000100100111101101110110001001011011011011101000110110000111111100111111011100110111010001110
01101110101010001100101010110111101001100111000011110100101001100001000000110110001110111111010010101100011010000001001111010001100110101110100011000111100001000110001111000110101011001100111011010111
00101001111111011110001001001010100111011010111101001101001100100010011110111100000111100001010100100101010011010010001110111010110100010011000000001110100100101000100011011011111010110111101100000101
01001100000011010100001101000010011100011000000010010100000101011001100001111111001111110100010000110000110111011101000111111111111100010010001010100100011101010010100010001010100001001010001000001100
01101010000101001010000010010010111000011100010000011011101101001010110110110000101000111001000000110101001011001111001101110101101111001110001001011111101011000110010000110000100110111011011101111110
01101111101010110110000100101010010101010001101000001011100000100011001011111000000110010111111110100111101000001100110110110101110011010100110111100011110100100011010110011101011010001110110010011001
11100011111000111100010100101110001010100000110111111010000011101101100000000011110100101000110101001111000111000001000000000110000110001010000101110011010100101011001101100111011011000100111011100000
11011010011111010000101110111100110100001000110011001111010100101011010100110100011000100010110001110000111010111001011011011000100010000100100001100111110010010010010001100000110010010000011111010101
10100110101111001001011101001100000100010110100100110001111010100010100101001111101011111111110100111001011011001111001001001110111110111111101010110000100100001010100010110100011100001010011001010100
010000111110001011111100101110110010110101111011100110101010100001101001