10111100110100001000110011001111010100101011010100110100011000100010110001110000111010111100000101000100
11001100000001101001000101000110000110000011100011000110001000111100000011110011010101000110001100000110101000001001111000111010111101111001110000001111111101011101110010010110000101100111001110101111
11011101111101010111100001100000010111101111001000010000011100010000001000001011010100110111111011110101001011010111101110011010101010000110100110011000011111001111010111000011000100001011001011111101
10010010100111100011001100010001101111001000010111110010001000101011011111010011011011001000011111010001010100000011110001101010110110110010101011001111001001101100001011011110010100111110011010011100
00011111000011111101101110010010110000100011010101101101110100010011011101111000101010001101010110100001000010100010011010001010010100000001100101001000111110000011000111011000010110000011000011111010
11100001100000101000011110111000100100100010100101110011001110000101010001101001101101011111111010100011001011011100101000001101100110100011111101000111010000100001010000010111110110100100000011001011
11011100001010010001101110000111011101010010100101100100101001110101001111000100010010000011111010011001011010010001101101011011010001000011011101011110010101001001011100100000101010010001100011000011
11111100111101011000001111001011110111001100111110010000011000001110100110110101010001010111000011001110100101110010001110001100111011001100011110111100001110110010010110110111111011110010011110010000
01000101001101011111010000111111000101010010111000011100111111000000011101111010111101011101011010001000111100000001000000000100110010011001100110010011001100000011100111001000100001110101101100111110
01101010001011000110010010001110100011101000011101101010000010111100000100110010000010111010100100101010111000010011001010111110101100100001010011001011111001100011000001010110111110001001001000011100
11001100110101011011011010100011110100000011010001101111010010010010001001100101101101100110100111100001100110100110110101101010111010011010110101110010000001100011110000001010111010010011010010001110
10000001000000101001001111100000011110111011011101111100100100010101010111011111000001110010010011101110001010110000100001111001011010100001101001010100000100001000000111010010011111001100011101111010
11010001111010011001010111110011010010100111100100111011001101001100101100110111011011000110101011011110110101101111111100101000001111111010010111001000100110110011100010110010011010010101000001011011
00110010000110011010011110011111111010111000110101010100010001111000110101000101111010010000010000100110100000000101110111101101010111010100101111000101010000111001011101010111101111111011000111011100
10100011011011000001010010111011111110001100100101111000010100101100110010111100010111001100000010011000000100000101100001100111011110011101011110011000010101000110110001101010001110101001110100111101
11000011111011001100100101101110010111101010001010101001001001001000111100101000100100101111011001101010111010001000101001001011011110110110010011011010100011101101011110101010101011010100101110110111
10001101011110110101011011100001010010010101110000000011011101001110110010010101101010100100111110111100100101110101101010101110001101100110111101011111011100011001110111001010100000001010100111001110
01100101010010000010011000101001011001110000100110000001001010000111110101111110000000011101110110010001101111110011001000011101010000111110110111000100011110010001010011101111001000111110101010111101
10111100010110101100011101001110100101001110000111110000011010011010110001001001110000010110000100100011001110101000110011100000010011001011101011011101101111000001111100111101000111111101111000100100
10001101000001101110000101010001001000100010110100111110011111101100110010101110011010100010000100000001100011110011101101000010000000010100001010110100000110011000111000000110001010100101110100000100
11110001110110010110000000000000100000000000010001010010011101101110111010011101100011100111110101010101010000110101010110011111000111000010100111011000001010001010111110100000000100000111000000011001
00001100110011000101011100011100001010011010001101101001000011101011110101101110001010010011100001000011101101101111010011100000101110010111001010001000110101100010001010001000000001111011111110110011
01011001111011101010110101011101000100011010111101100011010011011111001011100100101000110010011100010110110011100010111010100001000000101100101111000010110100101111011101101010111001000110001011100110
01101001011000111010101011111001000100001110001011100111101011110000111110110001110010110001000010011011011011110101001011001010110010011100111000100001101011111001000100100111011101101000101100001111
11010100001110010111110010110000000111001000100010111100011101001001000011100110101100010011110101001101011110100001000111101111001001110010100001011010101110101010010110011000101000010100000000010110
01100101101011000000011101001001001001101101101100011101101011000000011100101110010011110010010001010101010100110011011011110111101010001001001111101100000001101111000011000001101101100100000010100011
01100011101010011101000001001101101111111101001111100101101111010000001111001110000001000011010001100101010100101001101010000111010011010111000011110111001010101001110011100111010110011001110101110100
10010110101010100000001100001011011011010000010111111010001101110000011111100101011110100110110100111101101110000010010000001101111100000000000011100000110011111011010001100001101001011001100010001111
10110011000001100101100110100001111011001011101001111100111101011111100110100001101100010001001001010100011110101011011111101111111010110011101001111011000000101000100101101110100000100111101011000111
01101111111100101001001110100101111101110011110111000010110111000111000101111000111101000111110110011010101111000101111001011010000000101110010100010110010111110100011100000011111101100101001101010100
00111101011111100110101011011010011100100111110101000110111001011111010101000100111000110111001101001001100011111101001001100111011010000000110001101001110001101101101100110011111011001001110110111101
11001100111101010100100010000101111011000100000010000100001010110010110011111100111110100011110010111111100000100011001101100000011000111101000110101010110010011100101101110010101010000000111100001111
10011111011010000001001001000110010110010010010110111110100110001101101110111110111000101010011101000111010001100100111100011111001101010111101100001111010001010111011101100000111011010110100101000110
00010101010001001011101110011111110010000100110110111111010010101100110010001011110110110001000100001100001110110100010001010100100011110010101011000011110010000101110101001110001010011001000111101110
00011101000111011101101000101011010011100100101010010010011100010100111011000010111010101010100001001111110011001101100110001001001111100110101111101101110111101001000001100100111001010110010100000001
11111010111011100111100000110010011001111011100010011100010011100111101001101101111011001100110100001000100101000001001100110101011111111111011100010000100000001000001100100001111000111011010000001110
10011001101111011010011011111010100010010011001101001101101001101011010000100000000100011111100100000000011111100101000001111001001100111110110001000111110110001011100110110111100110001000011111110110
10011000101010001011100010100110101010111101000001100010110001000100000001101000100100010111101000010011000101000101011011000100110001110101001001110001110100000101001101100001111101101111100110010101
01011011010000100100010110100110011101110110111100101010111010111001101100001001110000101011011011100001111101100001001100000111111011101000101011110011010011000100111100111001101011101000111000000100
11111001101001101000010010100110000100001001011010010110101001101011010011101011010101100001110110100111000001000111001011100101010101011011000110001010101110110001111111000010001001000000101100100101
01110101110101111011101110100111111000110110111111001000000110101111011101110111010011001001111001010011010001000010001000100001111000011011011100011101101110110001110000110010011101111110000110011000
10100110000101111110100000000001110111011000101101110011011111001011010010110011011101100110010111011110111010011110011100000100000001100101100011111010010010000000010110001000001010001100010100000100
00001011000110100000110101001011100001001100000010111000001101011101111011110110101000010000010001011110101000110001110110001111010010000110110011001110010110110001110001111110001101000001010000000110
00010100110100010000011010000000001110010011100010110111101110000101110110100100011000011110001100101011101011010100100010000011011010010000001111100011010011011111000110111011110010111000000100100101
00101001110111010001001010011010011110100001111010000001010001011101101010010101110000110001011010001011000100110000010001110000100010111010100110110100001111011001101001011110100111000010110011110111
11011011100000010000011110011101110000000101000101101100101001111010011111011001111101011011110101101101101111011101111001101111010110110101001110010010010100000111000100100010100110110011110111010010
01110110100111101000000111100000110011110111010001000001011000001001101111101001111111101100111011010111001010011111110111100010010010101001110110101111010011010011001000100111101111000001111000010101
00100101010011010010001110111010110100010011000000001110100100101000100011011011111010110111101100000101010011000000110101000011010000100111000110000000100101000001010110011000011111110011111101000100
00110000110111011101000111111111111100010010001010100100011101010010100010001010100000101101001100101100001111011010101001110000111010110101100001001000101011011101100011010110110110101111001101100000
10111000101111001101100110010000110111001101000100001101010101101011000010011010010011111101000110010111000101111101011100111010100101011000100000000111001011110110001100011001010111001010010010011101
01111001110100001100110110110101110011010100110111100011110100100011010110011101011010001110110010011001111000111110001111000101001011100010101000001101111110100000111011011000000000111101001010001101
01001111000111000001000000000110000110001010000101110011010100101011001101100111011011000100111011100000110110100111110100001011101111001101000010001100110011110101001010110101001101000110001000101100
01110000111010111100000101000100110011000000011010010001010001100001100000111000110001100010001111000000111100110101010001100011000001101010000010011110001110101111011110011100000011111111010111011100
10010110000101100111001110101111110111011111010101111000011000000101111011110010000100000111000100000010000010110101001101111110111101011011010000011101100110101010100001101001100110000111110011110101
11000011000100001011001011111101100100101001111000110011000100011011110010000101111100100010001010110111110100110110110010000111110100010101000000111100011010101101101100101010110011110010011011000010
11011110010100111110011010011100000111110000111111011011100100101100001000110101011011011101000100110111011110001010100011010101101000010000101000100110100010100101000000011001010010001111100000110001
11011000010110000011000011111010111000011000001010000111101110001001001000101001011100110011100001010100011010011011010111111110101000110010110111001010000011011001101000111111010001110100001000010100
00010111110110100100000011001011110111000010100100011011100001110111000010111110001101001010011101010011110001000100100000111110100110010110100100011011010110110100010000110111010111100101010010010111
0010000010101001000110001100001111111100111101011000001111001011110111001100111110010000011000001110100110110101010001010111000011001110100101110010001110001100