000101010000111110010000000000000000000110110011111100110111111001101001110101001010101111110010011000001111100100101000
11111011000110011101010001100000101001101101110111000001110100000111010000001001011011010000101000011010101110000000100111001101010010011000110000111000011100010001111101100110010110010000110011100100
10110000111000110111110100100011000001110011110010101010010111010001100100101001110100000011010110110110001101001011100000100100000011011111000000000000111000001100111110110100011000011010010110011000
10001111101100110000011001011001101010001111111001010111001111001111000011110100010110100101001000000001101000100001010101111001010101111101110110110101100101011010100101100100100111110110001110110101
11000001101101011101100111100001110110101111101100110110110010111110010000010010001111001101000010011110010011010111011010001101000001010010100101110000001010110000110110100011101010110111100110100011
10100000001111001001010110010111110011011011101100010110000000011111100011111010000010101111000100010011100011001110111101100011101110111001011010000100000101000110000101101101101100011111111001000110
11110100111011001111101000001100111000101111110001000000100001000010101100101100111111001111101000111100101111111000001000110011011000000110001111010001101010101100100101101101100100110101111010001111
10101111011001010011011000100011000010111000111000010010111111011110110001100111010111110111000101010001001010011000000100001111000011011011100010111111000001110010000010111011101100101111110000011110
10001011001010100000101011011111111001110100011010001110110111110000010101001100111001111100111110101000101001000011111110001010001010101100011110111111110010010100111000001110000011111011110011001000
11111111101011001000110001101111001111010010010110101111010010011011100000000101110010010111110111011110001001110110110011000110111001101011110110011111111111000100010111101000011001001110010101100101
00000001111110101110111001111000001100100110011110111000100111000100111001111010011011011110110011001100001011100100000000000001101100001011011111111001000000100100100011001011001100001111001111010010
00001111011001101101110001010001111111011110110010011001101001101111001111111010001100001010100011111110101010000001110110101000001111001001001111111100100000110110011011111100010110011110011011101001
01011001110001000111111001110110011100011101011101101000100110111100000010100000000111000110100000011111101010011000000000100011011010001100001110100011101110100100000000101001100110000101001101011110
01101000100011010000100100000000010110011011100110011111001101010111011111001101001011001110101111010011010100011111011000010011000001111110111010001010111100110100110001001111001110011010111010001110
00000100111110011010011010000100111100010000001011000011011000111111101111111010111101110000000100000100011100010010100000110011110100001000001001110010111001011101111100000101011000110011100010100101
10010010100100000100001101111111011100010101101110011111010011100010011101111001100110011010111001000111001000111010001000010001101110101101001001010001000001100101010110000100001110110001100101011000
11001100010110010000001101111110000000100110011011001111100110011001110011111010010110110011101100011010011011010111111011011011001000101010101100101100010111011010010010001010111011001011010001001000
00100010001001010010110100000110100011011000010011000000101110000011010111011110111101101010000100000100010111101010001100011101100011110100100001101100110011100101010110000110000101111001001010000000
10000011100010000110101010000011111000001011010010011110010110011111111010100110011100000001001001110011101111010101010010000100011000011011111010101011111100110010010011111000011111011110110101000010
00011010101111101110110010000011110011110011110110000101010000000010100001100111111000101110001100100011110001110000101110101000001100100100010111010110111110000001010001101111101001010110111000111110
11010011110001110110101010001001111011101100100000101000101101001101000111011011010011100101100001010100101101000101010001001101101101011000010100100011010000011010100000110001001000101001101100111101
11010010011101101001111010000001111000001100111101110100010000010110000010011011111010011111111001100111110010111001011011010110110100011000011111001110011101011000010000010011001100110101011010100111
00001010101100001000110000111001011101010110000010111000000001010110100101100100011011010111110110111111001000100010110000100100001000011010000100111010111000100100001000001010010001101001010100111101
10101010000100101110110001100010110101010111001000110001110110100001000000110100011001111100001111100011000111101001011011010101100110101111111100100100001001001111011011101100010010110110110111010001
10110000111111100111111011100110111010001110011011101010100011001010101101111010011001110000111101001010111111011101111101010111100001100000010111101111001000010000011100010000001000001011010100110111
11101111010110110100000111011110011111111100101111001110110000111110010100101110001110101000010110011101011001101001011011010011100110100000110101000100000011111011000100011101101101000001001111100100
00011110100010100010100101100001010111000111000101010110111100111011010000110110110110101001110110011100110000001111000011111110010101100011110010110001000010011100111010100001001110110110110111000100
00001101101000001101001110010110110110001000100001001000011001111100100100100100011000001100100100000111110101011010011010111100100101110100110000010001011010010011000111101010001010010100111110101111
11111101001110010110110011110010010010011010001111110100011101000010000101000001011111011010010000001100101111011100001010010001101110000111011100001011111000110010010100010000100101100010000011101001
11111110110000110110000001110000111110100010000100111000011100100010011000111001000011111110000001000100001111111110011110001100000111101111011011100100011111001000000110100111010001011000101000001001
10000100111111001011001110011100011011010110111000011111111000110111000110000101001111111101101110110110001010101010000100000101101010110101001000000001010110000100010111100000001100111101010110100100
00110110111001011010000000100000101001001100011001000100000110110010000101100100010001101011001001110001111110011101001101101011101011000101011001011110100100010101101010111100000100110010000010111010
10010010101011100001001100101011111010110010000101001100101111100110001100001010000101111100110000011010111001101100110010000101001111010011011010000011001000111111001011001001001110111010110110111001
01101111000001000101001101100001110101111110110111101011000100101001001111101000110111110110000110000100110101100010101010011110101101011000100101111111000100110100110010001000100011100111100000110011
00001111011110111101101001001011011000011101101001111010101010000010111000101110000110010110110010111001010111101010010111101110101011010001000011110001011000010101100110000110011100110011001101100001
01110110110101000001111111110011011010011101010100001100110011000101100101001101000110111100000000000101101100110010000110011010011110011111111010111000110101010100010001111000110101000101111010010000
01000010101111001010000001100101011010001100100011111110001010000001011010110000001111011101111110000110010001011001101101101000100001111101011101100100110010111100000010010110010011111110000001001100
00101100010000001000001001101001000110010100011000010100011000101000000111100011011110111111110001100011111011101011111101001110010010011101100001010111000101011110001110000100011100011110110000110101
00010011111101011110110011011010111100011111001110000110011111101111011010010101111101110110001001111101100101100110101111011000100101011010100011101000111010100001000100101111010011101000010101110010
01110101011001001001001011110101111000110110011011110101111101110001100111011100101010000000101010011100111001100101010010000010011000101001100100010000111011101000101111101011110000111101101010000110
01101110101011110111101100110010111010000001011111001100001010010110001010100101110100111011010111110101110011010110100011111100100100000111010000100101101001011000101111100111111010100110010010101001
10001001100100010111010001101111001010101100011111011100110001111100100011111001010000000101011001011001000011100100000000110101101010001000000110010001010000011101001111110110110011011111000101011001
10101010000001000101101111010010001110100000101010110111101010001100011011010010101110010101001011101000100011010010111001000001100010100010110000101010101000000001011101101110111010011101100011100111
11010101010101000011010101011001111100011100001010011101100000101000101011011111000000100000001100000000111010101110110001000010101110100110001101101111001100010110101011010111110010111101100111100011
01101000100111110001011110000101001011110110100110110100110011101001100100111100110000101011010111010111000110001100011111010111110000100100001000100101010110011001000011001101001101011010111100111001
00111010001111100111101111111101000010000001111001011100100101101011011100010001010111110010100110111101100110010100100110010101010101110100001000001111001101111001010101010010110101010010110001110010
00001100010110010101000010111110010111001110011011110011100001010101010000000001000110011011010010110000111111010100001110010111110010110000000111001000100010111100011101001001000011100110101100010011
11011010010000010111000010100101011100110001100111001000111111110111110100000110010001111000001000001000001110111000110101000010001100001100001100111100111110001100010101100010101100010101000011111001
00000000000000000001101100111111001101111110011010011101010010101011111100100110000011111001001010001111101100011001110101000110000010100110110111011100000111010000011101000000100101101101000010100001
10101011100000001001110011010100100110001100001110000111000100011111011001100101100100001100111001001011000011100011011111010010001100000111001111001010101001011101000110010010100111010000001101011011
01100011010011111110100100000100001010110010110011111100111110100011110010111111100000100011001101100000011000111101000110101010110010010110110110010011010111101000111110101111011001010011011000100011
00001011100011100001001011111101111011000110011101011111011100010101000100101001100000010000111100001101101110001011111100000111001000001011101110110010111111000001111010001011001010100000101011011111
11100111010001101000111011011111000001010100110011100111110011111010100010100100001111111000101000101010110001111011111111001001010011100000111000001111101111001100100011111111101011001000110001101111
00111101001001011010111101001001101110000000010111001001011111011101111000100111011011001100011011100110101111011001111111111100010001011110100010011000010100000110010100000001111110101110111001111000
00110010011001111011100010011100010011100111101001101101111011001100110000101110010000000000000110110000101101111111100100000010010010001100101100110000111100111101001000001111011001101101110001010001
11111101111011001001100110100110111100111111101000110000101010001111111010101000000111011010100000111100100100111111110010000011011001101111110001011001111001101110100101011001110001000111111001110110
01110001110101110110100010011011110000001010000000011100011010000001111110101001100000000010001101101000110000111010001110111010010000000010100110011000010100110101111001101000100011010000100100000000
01011001101110011001111100110101011101111100110100101100111010111101001101011000110110011010001100000111111011101000101011110011010011000100111100111001101011101000111000000100111110011010011010000100
111100010000001011000011011000111111101111111010111101110000000100000100011100010010100000110011110100001000001001110010111001011101111100000101