0010001100101111100000011001011111111010011110100000110011011011010111001101010011011110001111010010001101011001110101101000111011001001
10011110001111100011110001010010111000101010000011011111101000001110110110000000001111010010100011010100111100011100000100000000011000011000101000010111001101010010101100110110011101101100010011101110
00001101101001111101000010111011110011010000100011001100111101010010101101010011010001100010001011000111000011101011110000010100010011001100000001101001000101000110000110000011100011001001000001111101
01011010011010111100100101110100110000010001011010010011000111101010001010010100111110101111111111010011100101101100111100100100111011111011111110101011000010010000101010001011010001110000101001100101
01000100001111100010111111001011101100101101011110111001101010101000011010011001100001111100111101011100001100010000101100101111110110010010100111100011001100010001101111001000010111110010001000101011
01111101001101101100100001111101000101010000001111000110101011011011001010101100111100100110110000101101111001010011111001101001110000011111000011111101101110010010110000100011010101101101110100010011
01110111100010101000110101011010000100001010001001101000101001010000000110010100100011111000001100011101100001010000001000001010010011000110010001000001101100100001011001000100011010110010011100011111
10011101001101101011101011000101011001011110100100010101101001110100001010111001101011010101011010010111111110100001100101011101011110111000000001100111011100011011101001010010100101100100101001110101
00111100010001001000001111101001100101101001000110110101101101000100001101110101111001010100100101110010000010101001000110001100001111111100111101011000001111001011110111001100111110010000011000001110
10011011010101000101011100001100111010010111001000111000110011101100110001111011110000111011001001011011011111101111001001111001000001000101001101011111010000111111000101010010111000011100111111000000
01110111101011110101110101101000100011110000011000010101100110000110011100110011001101100001011101101101010000011111111100110110100111010101000011001100110001011001010011010001101111000000000000101101
00110011000001000111000101100101010111010110011000000010100000110100011010001000011111001000001000010101011011111000100100100001110011001100110101011011011010100011110100000011010001101111010010010010
00100110010110110110011010011110000110011010011011010110101011101001101011010111001000000110001111000000101011101001001101001000111010000001000000101001001111100000011110111011011101111100100100010101
01011101111100000111001001001110111000101011000010000111100101101010000110100101010000010000100000011101001001111100110001110111101011010001111010011001010111110011010010100111011101100010011111011001
01100110101111011000100101011010100011101000111010100001000100101111010011101000010101110010011101010110010010010010111101011111001100110001011100100101101100101110110001100101111010101101110011100101
10111000101011000011000110010100011010000000010111011110110101011101010010111100010101000011100101110101011110111111101100011101110010100011011011000001010010111011111110001100100101111000010100101100
11001011110001011100110000001001100000010000010110000110011101111001110101111001100001010100011011000110101000111010100111010011110111000011111011001100100101101110010111101010001010101001001001001000
11110010100010010010111101100110101011101000100010100100101101111011011001001101101010001110110101111010101001011011110100100011101000001010101101111010100011000110110100101011100101010010111010001000
11010010111001000001100010100010110000101010101000000001100100111101110111101110111011110011011010101000000000010000000001101101100011001011110001000100100101000111011001110000100110000001001010000111
11010111111000000001110111011001000110111111001100100001110101000011111011011100010001111001000101001110111100100011111010101011110110111100010110101100011101001110100101001110000111110000011010011010
11000100100111000001011000010010001100111010100011001110000001001100101110101101110110111100000111110011110100011111110111100010010010001101000001101110000101010001001000100010110100111110011111101100
11001010111001101010001000010000000110001111001101111001010101010010110101010010110001110010000011000101100101010000101111100101110011100110111100111000010101010100000000010001100110110100111110001101
11000010101101001001111011111010101011000110111011110110101100101100000001111011010100000001010011111010000000010000011100000001100100001100110011000101011100011100001010011010001101101001000011101011
11010110111000101001001110000100001110110110111101001110000010111001011100101000100011010110001000101000100000000111101111111011001101011001111011101010110101011101000100011010111101100011010011011111
00101110010010100011001001110001011011001110001011101010000100000010110010111100001011010010111101110110101011100100011000101110011001101001011000111010101011111001000100001001000011001110010010110000
11100011011111010010001100000111001111001010101001011101000110010010100111010000001101011011011000110100111111101001000000100100111110101000001001111010110001110101001010010000010100101100111011000111
01011001100000110010011011110100110101111010000100011110111100100111001010000101101010111010101001011001100010100001010000000001011001100101101011000000011101001001001001101101101100011101101011000000
01110010111001001111001001000101010101010011001101101111011110101000100100111110110000000110111100001100000110110110010000001010001101100011101010011101000001001101101111111101001111100101101111010000
00111100111000000100001101000110010101010010100110101000011101001101011100001111011100101010100111001110111011110110001110111011100101101000010000010100011000010110110110110001111111100100011011110100
11101100111110100000110011100010111101100000000011000000101111110001010001011100010111011011011011011101011000011011001100010000101100110110000011011111011001000001111011001011101001111100111101011111
10011010000110110001000100100101010001111010101101111110111111101011001110100111101100000010100010010110111010000010011110101100011101101111111100101001001110100101111101110011110111000010110111000111
00010111100011110100011111011001101010111100010111100101101000000010111001010001011001011111010001110000001111110110010100110101010000111101011111100110101011011010011100100111110101000110111001011111
01010100010011100011011100110100100101011010111101001001101110000000010111001001011111011101111000100111011011001100011011100110101111011001111111111100010001011110100010011000010100001001000000100000
11011111110111110001011010010011101100010101011001101100000011010011111100110100010111000110110010110111001010101000000011110000111110011111011010000001001001000110010110010010010110111110100110001101
10111011111011100010101001110100011101000110010011110001111100110101011110110000111101000101011101110110000011101101011010010100011000010101010001001011101110011111110010000100110110111111010010101100
11001000101111011011000100010000110000111011010001000101010010001111001010101100001111001000010111010100111000101001100100011110111000011101000111011101101000101011010010011000010100110101111001101000
10001101000010010000000001011001101110011001111100110101011101111100110100101100111010111101001101011000110110011010100110100001011111110100110111011011000001100000110110110110010101111100110110001010
01011100111110011100100011010000100010010100000100110011010101111111111101110001000010000000100000110010000111100011101101000000111010011001101111011010011011111010100010010011001101001101101001101011
01000010000000010001111110010000000001111110010100000111100100110011111011000100011111011000101110011011011110011000100001111111011010011000101010001011100010100110101010111101000001100010110001000100
00000110100010010001011110100001001100010100010101101100010011000111010100100111000111010000010100111101011111101101101100100010101010110010110001011101101001001000101011101100101101000100100000100010
00100101001011010000011010001101011010101100001001110100101110001100010101011011011110001000100010100111011100011000010011000101100011100011010011000101100010100110000100001001011010010110101001101011
01001110101101010110000111011010011100000100011100101110010101010101101100011000101010111011000111111100001000100100000010110010010101110101110101111011101110100111111000110110111111001000000110101111
01110111011101001100100111100101001101000100001000100010000111100001101101110001110110111011000111000011001001110111111000011001100010100110000101111110100000000001110111011000101101110011011111001011
01001011001101110110011001011101110010000010100010110100110100011101101101001110010110000101010010110100010101000100110110110101100001010010001101000001101010000011000010011001010001110001011011101011
10011011110001010110000011011010110001010011001010100000101110000100110111011100110111111011000111000111111000110100000101000000011000010100110100010000011010000000001110010011100010110111101110000101
11011010010001100001111000110010101110101101010010001000001101101001000000111110001101001101111100011011101111001011100000010010010100101001110111010001001010011010011110100001111010000001010001011101
10101001010111000011000101101000101100010011000001000111000010001011101010011011010000111101100110100101111010011100001011001111011111011011100000010000011110011101110001001011011011011101000110110000
11111110011111101110011011101000111001101110101010001100101010110111101001100111000011110100101001100001000000110110001110111111010010101100011010000001001111010001100110101110100011000111100001000110
00111100011010101100110011101101011100101001111111011110001001001010100111011010111101001101001100100010011110111100000111100001010100100101010011010010001110111010110100010011000000001110100100101000
10001101101111101011011110110000010101001100000011010100001101000010011100011000000010010100000101011001100001111111001111110100010000110000110111011101000111111111111100010010001010100100011101010010
10001000101010000010110100110010110000111101101010100111000011101011010110000100100010101101110101001010110110110000101000111001000000110101001011001111001101110101101111001110001001011111101011000110
01000011000010011011101101110111111001101111101010110110000100101010010101010001101000001011100000100011001011111000000110010111111110100111101000001100110110110101110011010100110111100011110100100011
01011001110101101000111011001001100111100011111000111100010100101110001010100000110111111010000011101101100000000011110100101000110101001111000111000001000000000110000110001010000101110011010100101011
00110110011101101100010011101110000011011010011111010000101110111100110100001000110011001111010100101011010100110100011000100010110001110000111010111100000101000100110011000000011010010001010001100001
10000011100011000110001000111101010110100110101111001001011101001100000100010110100100110001111010100010100101001111101011111111110100111001011011001111001001001110111110111111101010110000100100001010
10001011010001110000101001100101010001000011111000101111110010111011001011010111101110011010101010000110100110011000011111001111010111000011000100001011001011111101100100101001111000110011000100011011
11001000010111110010001000101011011111010011011011001000011111010001010100000011110001101010110110110010101011001111001001101100001011011110010100111110011010011100000111110000111111011011100100101100
00100011010101101101110100010011011101111000101010001101010110100001000010100010011010001010010100000001100101001000111110000011000111011000010110000011000011110100110001100100010000011011001000010110
01000100011010110010011100011111100111010011011010111010110001010110010111101001000101011010011101000010101110011010110101010110