01110110111100101010111010111001101100001001110000101011011011100001111101100001001100000111111011101000101011110011010011000100111100111001101011101000
11100000010011111001101001101000010011110001000000101100001101100011111110111111101011110111000000010000010001110001001010000011001111010000100000100111001011100101110111110000010101100011001110001010
01011001001010010000010000110111111101110001010110111001111101001110001001110111100110011001101011100100011100100011101000100001000110111010110100100101000100000110010101011000010000111011011101111110
00011001100010100110000101111110100000000001110111011000101101110011011111001011010010110011011101100110010111011110111010011110011100000100000001100101100011111010010010000000010110001000001010001100
01010000010000001011000110100000110101001011100001001100000010111000001101011101111011110110101000010000010001011110101000110001110110001111010010000110110011001110010101011000011000010111100100101000
00001000001110001000011010101000001111100000101101001001111001011001111111101010011001110000000100100111001110111101010101001000010001100001101111101010101111110011001001001111100001111101111011010100
00100001101010111110111011001000001111001111001111011000010101000000001010000110011111100010111000110010001111000111000000110000010001110000100010111010100110110100001111011001101001011110100111000010
11001111011111011011100000010000011110011101110000000101000101101100101001111010011111011001111101011011110101101101101111011101111001101111010110110101001110010010010100000111000100100010100110110011
11011101001001110110100111101000000111100000110011110111010001000001011000001001101111101001111111100110011111001011100101101101011011010001100001111100111001110101100001000001001100110011010101101010
01110000101010110000100011000011100101110101011000001011100000000101011010010110010001101101011111011011111100100010001011000010010000100001101000010011101011100010010000100000101001000110100101010011
11011010101000010010111011000110001011010101011100100010001010100100011101010010100010001010100000101101001100101100001111011010101001110000111010110101100001001000101011011101100011010110110110101111
00110110000010111000101111001101100110010000110111001101000100001101010101101011000010011010010011111101000110010111000101111101011100111010100101011000100000000111001011110110001100011001010111001010
01001001110101111001110100001100110011011010111001000010111011111001010010010001001011100100101111001111011001000100111100111101001111000010101101011011110110100100011101110000111101100110000000011100
00110100010000001111001011000010101000100001101011001101000010111001001010010101101100110001000101101000011111110010010011111011011010101101110101100100101011101110011011111010101101110101001101000110
00100010110001110000111010111100000101000100110011000000011010010001010001100001100000111000110001100010001111000000111100110101010001100011000001101010000010011110001110101111011110011100000011111111
01011101110010010110000101100111001110101111110111011111010101111000011000000101111011110010000100000111000100000010000010110101001101111110111101011011010000011101111001111111110010111100111011000011
11100101001011100011101010000101100111010110011010010110110100111001101000001101010001000000111110110001000111011011010000010011111001000001111010001010001010010110000101011100011100010101011011110011
10110100001101101101101010011101100111001100000011110000111111100101011000111100101100010000100111001110101000010011011110001010100011010101101000010000101000100110100010100101000000011001010010001111
10000011000111011000010110000011000011111010111000011000001010000111101110001001001000101001011100110011100001010100011010011011010111111110101000110010110111001010000011011001101000111111010001110100
00100001010000010111110110100100000011001011110111000010100100011011100001110111000010111110001100100101000100001001011000100000111010011111111011000011011000000111000011111010001000010011100001110010
00100110001110010000111111100000010001000011111111100111100011000001111011110110111001000111110010000001101001110100010110001010000010011000010011111100101100111001110001101101011011100001111111100011
01110001100001010011111111011011101101100010101001010011010111110100001111110001010100101110000111001111110000000111011110101111010111010110100010001111000000010000000001001100100110011001100100110011
00000011100111001000100001110101101100111110011010100010110001100100100011101000111010000111011010100000101111000001001100100000101110101001001010101110000100110010101111101011001000010100110010111110
01100011000010100001011111001100000110101110011011001100100001010011110100110110100000110010001111110010110010010011101110101101101110010110111100000100010100110110000111010111111011011110101100010010
10010011111010001101111101100001100001001101011000101010100111101011010110001001011111110001001101001100100010001000111001111000001100110000111101111011110110100100101101100001110100011010010101000001
00001000000111010010011111001100011101111010110100011110100110010101111100110100101001111001001110110011010011001011001101110110110001101010110111101101011011111111001010000011111110100101110010001001
10110011100010110010011010010101000001011011001100100001100110100111100111111110101110001101010101000100011110001101010001011110100100000100001010111100101000000110010101101000110010001111111000101000
00010110101100000011110111011111100001100100010110011011011010001000011111010111011001001100101111000000100101100100111111100000010011000010110001000000100000100110100100011001010001100001010001100010
10000001111000110111101111111100011000111110111010111111010011100100100111011000010101110001010111100011100001001000110100000110111000010101000100100010001011010011111001111110110011001010111001101010
00100001000000011000111100111011010000100000000101000010101101000001100110001110000001100010101001011101000001001111000111011001011000000000000010000000000001000101001001110110111011101001110110001110
01111101010101010100001101010101100111110001110000101001110110000010100010101101111100000010000000110000000011101010111011000100001010111010011000110110111100110001011010101101011111001011110110011110
00110110100010011111000101111000010100101111011010011011010011001110100110010011110011000010101101011101011100011000110001111101011111000010010000100010010101011001100100001100110100110101101011110011
10010011101000111110011110111111110100001000001011001011110000101101001011110111011010101110010001100010111001100110100101100011101010101111100100010000111000101110011110101111000011111011000111001011
00010000100110110110111101010010110010101100100111001110001000011010111110010001001001110111011010001011000011111101010000111001011111001011000000011100100010001011110001110100100100001110011010110001
00111101101001000001011100001010010101110011000110011100100011111111011111010000011001000111100000100000100000111011100011010100001000110000110000110011110011111000110001010110001010110001010100001111
10010000000000000000000110110011111100110111111001101001110101001010101111110010011000001111100100101000111110110001100111010100011000001010011011011101110000011101000001110100000000111100111000000100
00110100011001010101001010011010100001110100110101110000111101110010101010011100111001110101100110011101011101001001011010101010000000110000101101101101000001011111101000110111000001111110010101111010
01101101001111011011100000100100000011011111000000000000111000001100111110110100011000011010010110011000100011111011001100000110010110011010100011111110010101110011110011110000111101000101101001010010
00000001101000100001010101111001010101111101110110110101100101011010100101100100100111110110001110110101110000011011010111011001111000011101101011111011001101101100101111100100000100100011110011010000
10011110010011010111011010001101000001010010100101110000001010110000110110100011101010110111100110100011101010001111001010101100001111001000010111010100111000101001100100011110111000011101000111011101
10100010101101001110010010101001001001110001010011101100001011101010101010000100111111001100110110011000100100111110011010111110110111011110100100000110010011100101011001010000000111111010111011100111
10000011001001100111101110001001110001001110011110100110110111101100110011000010111001000000000000011011000010110111111110010000001001001000110010110011000011110011110100100000111101100110110111000101
00011111110111101100100110011010011011110011111110100011000010101000111111101010100000011101101010000011110010010011111111001000001101100110111111000101100111100110111010010101100111000100011111100111
01100111000111010111011010001001101111000100010000000110100010010001011110100001001100010100010101101100010011000111010100100111000111010000010100110110000111110110111110011001010101011011010000100100
01011010011001110111011011110010101011101011100110110000100111000010101101101110000111110110000100110000011111101110100010101111001101001100010011110011100110101110100011100000010011111001101001101000
01001111000100000010110000110110001111111011111110101111011100000001000001000111000100101000001100111101000010000010011100101110010111011111000001010110001100111000101001011001001010010000010000110111
11110111000101011011100111110100111000100111011110011001100110101110010001110010001110100010000100011011101011010010010100010000011001010101100001000011101100011001010110001001100010100110000101111110
10000000000111011101100010110111001101111100101101001011001101110110011001011101111011101001111001110000010000000110010110001111101001001000000001011000100000101000110001010000010000001011000110100000
11010100101110000100110000001011100000110101110111101111011010100001000001000101111010100011000111011000111101001000011011001100111001010101100001100001011110010010100000001000001110001000011010101000
00111110000010110100100111100101100111111110101001100111000000010010011100111011110101010100100001000110000110111110101010111111001100100100111110000111110111101101010000100001101010111110111011001000
00111100111100111101100001010100000000101000011001111110001011100011001000111100011100001011101010000011000010001011101010011011010000111101100110100101111010011100001011001111011111011011100000010000
01111001110111000000010100010110110010100111101001111101100111110101101111010110110110111101110111100110111101011011010100111001001001010000011100010010001010011011001111011101001001110110100111101000
00011110000011001111011101000100000101100000100110111110100111111110011001111100101110010110110101101101000110000111110011100111010110000100000100110011001101010110101001110000101010110000100011000011
10010111010101100000101110000000010101101001011001000110110101111101101111110010001000101100001001000010000110100001001110101110001001000010000010100100011010010101001111011010101000010010111011000110
00101101010101110010001100011101101001110101001010001000101010000010110100110010110000111101101010100111000011101011010110000100100010101101110110001101011011011010111100110110000010111000101111001101
10011001000011011100110100010000110101010110101100001001101001001111110100011001011100010111110101110011101010010101100010000000011100101111011000110001100101011100101001001001110101111001110100001100
11001101101011100100001011101111100101001001000100101110010010111100111101100100010011110011110100111100001010110101101111011010010001110111000011110110011000000001110000110100010000001111001011000010
10100010000110101100110100001011100100101001010110110011000100010110100001111111001001001111101101101010110111010110010010101110111001101111101010110111000000010000100100100010110001110000111010111100
0001010001001100110000000110100100010100011000011000001110001100011000100011110000001111001101010100011000110000