10011000011111001111010111000011000100001011001011111101100100101001111000110011000100011011110010000101111100100010001010110111
11010011011011001000011111010001010100000011110001101010110110110010101011001111001001101100001011011110010100111110011010011100000111110000111111011011100100101100001000110101011011011101000100110111
01111000101010001101010110100001000010100010100001000101111000000011001111010101101001000011011011100101101000000010000010100100110001100100010000011011001000010110010001000110101100100111000111111001
11010011011010111010110001010110010111101001000101011010011101000010101110011010110101010110100101111111101000011001010111010111101110000000011001110111000110111010010100101001011001001010011101010011
11000100010010000011111010011001011010010001101101011011010001000011011101011110010101001001011100100000101010010001100011000011111111001111010110000011110010111101110011001111100100000110000011101001
10110101010001010111000011001110100101110010001110001100111011001100011110111100001110110010010110110111111011110010011110010000010001010011010111110100001111110001010100101110011011001011100101011110
10100101111011101010110100010000111100010110000101011001100001100111001100110011011000010111011011010100000111111111001101101001110101010000110011001100010110010100110100011011110000000000001011010011
00110000010001110001011001010101110101100110000000101000001101000110100010000111110010000010000101010110111110001001001000011100110011001101010110110110101000111101000000110100011011110100100100100010
01100101101101100110100111100001100110100110110101101010111010011010110101110010000001100011110000001010111010010011010010001110100000010000001010010011111000000111101110110111011111001001000101010101
11011111000001110010010011101110001010110000100001111001011010100001101001010100000100001000000111010010011111001101101011110001111100111000011001111110111101101001010111110111011000100111110110010110
01101011110110001001010110101000111010001110101000010001001011110100111010000101011100100111010101100100100100101111010111110011001100010111001001011011001011101100011001011110101011011100111001011011
10001010110000110001100101000110100000000101110111101101010111010100101111000101010000111001011101010111101111111011000111011100101000110110110000010100101110111111100011001001011110000101001011001100
10111100010111001100000010011000000100000101100001100111011110011101011110011000010101000110110001101010001110101001110100111101110000111110110011001001011011100101111010100010101010010010010010001111
00101000100100101111011001101010111010000100000111010011111101101100110111110001010110011010101000000100010110111101001000111010000010101011011110101000110001101101001010111001010100101110100010001101
00101110010000011000101000101100001010101010000000011001001111011101111011101110111100110110101010000000000100000000011011011000110010111100010001001001010001110110011100001001100000010010100001111101
01111110000000011101110110010001101111110011001000011101010000111110110111000100011110010001010011101111001000111110101010111101101111000101101011000111010011101001010011100001111100000110100110101100
01001001110000010110000100100011001110101000110011100000010011001011101011011101101111000001111100111101000111111101111000100100100011010000011011100001010100010010001000101111001010011011110110011001
01001001100101010101011101000010000011110011011110010101010100101101010100101100011100100000110001011001010100001011111001011100111001101111001110000101010101000000000100011001101101001111100011011100
00101011010010011110111110101010110001101110111101101011001011000000011110110101000000010100111110100000000100000111000000011001000011001100110001010111000111000010100110100011011010010000111010111101
01101110001010010011100001000011101101101111010011100000101110010111001010001000110101100010001010001000000001111011111110110011010110011110111010101101010111010001000110101111011000110100110111110010
11100100101000110010011100010110110011100010111010100001000000101100101111000010110100101111011101101010100111001101010010011000110000111000011100010001111101100110010110010000110011100100101100001110
00110111110100100011000001110011110010101010010111010001100100101001110100000011010110110110001101001111111010010000001001001111101010000010011110101100011101010010100100000101001011001110110001110101
10011000001100100110111101001101011110100001000111101111001001110010100001011010101110101010010110011000101000010100000000010110011001011010110000000111010010010010011011011011000111011010110000000111
00101110010011110010010001010101010100110011011011110111101010001001001111101100000001101111000011000001101101100100000010100011011000111010100111010000010011011011111111010011111001011011110100000011
11001110000001000011010001100101010100010110000000011111100011111010000010101111000100010011100011001110111101100011101110111001011010000100000101000110000101101101101100011111111001000110111101001110
11001111101000001100111000101111011000000000110000001011111100010100010111000101110110110110110111010110000110110011000100001011001101100000110111110110010000011110110010111010011111001111010111111001
10100001101100010001001001010100011110101011011111101111111010110011101001111011000000101000100101101110100000100111101011000111011011111111001010010011101001011111011100111101110000101101110001110001
01111000111101000111110110011010101111000101111001011010000000101110010100010110010111110100011100000011111101100101001101010100001111010111111001101010110110100111001011111011110011001000111111111010
11001000110001101111001111010010010110101111010010011011100000000101110010010111110111011110001001110110110011000110111001101011110110011111111111000100010111101000100110000101000010010000001000001101
11111101111100010110100100111011000101010110011011000000110100111111001101000101110001101100101101110010101010000000111100001111100111110110100000010010010001100101100100100101101111101001100011011011
10111110111000101010011101000111010001100100111100011111001101010111101100001111010001010111011101100000111011010110100101000110000101010100010010111011100111111100100001001101101111110100101011001100
10001011110110110001000100001100001110110100010001010100100011110010101011000011110010000101110101001000000000100011011010001100001110100011101110100100000000101001100110000101001101011110011010001000
11010000100100000000010110011011100110011111001101010111011111001101001011001110101111010011010110001101100110101001101000010111111101001101110110110000011000001101101101100101011111001101100010100101
11001111100111001000110100001000100101000001001100110101011111111111011100010000100000001000001100100001111000111011010000001110100110011011110110100110111110101000100100110011010011011010011010110100
00100000000100011111100100000000011111100101000001111001001100111110110001000111110110001011100110110111100110001000011111110110100110001010100010111000101001101010101111010000011000101100010001000000
01101000100100010111101000010011011011001111100110011001110011111010010110110011101100011010011011010111111011011011001000101010101100101100010111011010010010001010111011001011010001001000001000100010
01010010110100000110100011010110101011000010011101001011100011000101010110110111100010001000101001110111000110000100110001011000111000110100110001011000101001100001000010010110100101101010011010110100
11101011010101100001110110100111000001000111001011100101010101011011000110001010101110110001111111000010001001000000101100100101011101011101011110111011101001111110001101101111110010000001101011110111
01110111010011001001111001010011010001000010001000100001111000011011011100011101101110110001110000110010011101111110000110011000101001100001011111101000000000011101101001010110111000111110110100111100
01110110101010001001111011101100100000101000101101001101000111011011010011100101100001010100101101000101010001001101101101011000010100100011010000011010100000110000100110010100011100010110111010111001
10111100010101100000110110101100010100110010101000001011100001001101110111001101111110110001110001111110001101000001010000000110000101001101000100000110100000000011100100111000101101111011100001011101
10100100011000011110001100101011101011010100100010000011011010010000001111100011010011011111000110111011110010111000000100100101001010011101110100010010100110100111101000011110100000010100010111011010
10010101110000110001011010001011000100110000010001110000100010111010100110110100001111011001101011101001011011010101100110101111111100100100001001001111011011101100010010110110110111010001101100001111
11100111111011100110111010001110011011101010100011001010101101111010011001110000111101001010011000010000001101100011101111110100101011000110100000010011110100011001101011101000110001111000010001100011
11000110101011001100111011010111001010011111110111100010010010101001110110101111010011010011001000100111101111000001111000010101001001010100110100100011101110101101000100110000000011101001001010001000
11011011111010110111101100000101010011000000110101000011010000100111000110000000100101000001010110011000011111110011111101000100001100001101110111010001111111111111000100100010101001000111010100101000
10001010100000101101001100101100011010100001010010100000100100101110000111000100000110111011010010101101101100001010001110010000001101010010110011110011011101011011110011100010010111111010110001100100
00110000100110111011011101111110011011111010101101100001001010100101010100011010000010111000001000110010111110000001100101111111101001111010000011001101101101011100110101001101111000111101001000110101
10011101011010001110110010011001111000111110001111000101001011100010101000001101111110100000111011011000000000111101001010001101010011110001110000010000000001100001100010100001011100110101001010110011
01100111011011000100111011100000110110100111110100001011101111001101000010001100110011110101001010110101001101000110001000101100011100001110101111000001010001001000100001001000011001111100100100100100
01100000110010010000011111010101101001101011110010010111010011000001000101101001001100011110101000101001010011111010111111111101001110010110110011110010010011101111101111111010101100001001000010101000
10110100011100001010011001010100010000111110001011111100101110110010110101111011100110101010100001101001100110000111110011110101110000110001000010110010111111011001001010011110001100110001000110111100
10000101111100100010001010110111110100110110110010000111110100010101000000111100011010101101101100101010110011110010011011000010110111100101001111100110100111000001111100001111110110111001001011000010
00110101011011011101000100110111011110001010100011010101101000010000101000100110100010100101000000110011110101011010010000110110111001011010000000100000101001001100011001000100000110110010000101100100
01000110101100100111000111111001110100110110101110101100010101100101111010010001010110100111010000101011100110101101010101101001011111111010000110010101110101111011100000000110011101110001101110100101
00101001011001001010011101010011110001000100100000111110100110010110100100011011010110110100010000110111010111100101010010010111001000001010100100011000110000111111110011110101100000111100101111011100
11001111100100000110000011101001101101010100010101110000110011101001011100100011100011001110110011000111101111000011101100100101101101111110111100100111100100000100010100110101111101000011111100010101
00101110000111001111110000011111001110000110011111101111011010010101111101110110001001111101100101100110101111011000100101011010100011101000111010100001000100101111010011101000010101110010011101010110
0100100100101111010111110011001100010111001001011011001011101100011001011110101011011100111001011011100010101100001100011001010001101000