1100011010000001001111010001100110101110100011000011011111101111010110110100000111011110011111111100101111001110110000111110010100101110
00111010100001011001110101100110100101101101001110011010000011010100010000001111101100010001110110110100000100111110010000011110100010100010100101100001010111000111000101010110111100111011010000110110
11011010100111011001110011000000111100001111111001010110001111001011000100001001110011101010000100111011011011011100010000001101101000001101001110010110110110001000100001001000011001111100100100100100
01100000110010010000011111010101101001101011110010010111010011000001000101101001001100011110101000101001010011111010111111111101001110010110110011110010010011101111101111111010101100001001000010101000
10110100011100001010011001010100010000111110000110111000011101110000101111100011001001010001000010010110001000001110100111111110110000110110000001110000111110100010000100111000011100100010011000111001
00001111111000000100010000111111111001111000110000011110111101101110010001111100100000011010011101000101100010100000100110000100111111001011001110011100011011010110111000011111111000110111000110000101
00111111110110111011011000101010101000010000010110101011010100100000000101011000010001011110000000110011110101011010010000110110111001011010000000100000101001001100011001000100000110110010000101100100
01000110101100100111000111111001110100110110101110101100010101100101111010010001010110100111010000101011100110101101010101101001011111111010000110010101110101111011100000000110101111100110001100001010
00010111110011000001101011100110110011001000010100111101001101101000001100100011111100101100100100111011101011011011100101101111000001000101001101100001110101111110110111101011000100101001001111101000
11011111011000011000010011010110001010101001111010110101100010010111111100010011010011001000100010001110011110000011001100001111011110111101101001001011011000011101101001111010101010000010111000101110
00011001011011001011100101011110101001011110111010101101000100001111000101100001010110011000011001110011001100110110000101110110110101000001111111110011011010011101010100001100110011000101100101001101
00011011110000000000001011010011001100000100011100010110010101011101011001100000001010000011010001101000100011101001000001000010101111001010000001100101011010001100100011111110001010000001011010110000
00111101110111111000011001000101100110110110100010000111110101110110010011001011110000001001011001001111111000000100110000101100010000001000001001101001000110010100011000010100011000101000000111100011
01111011111111000110001111101110101111110100111001001001110110000101011100010101111000111000010001110001111011000011010100010011111101011110110011011010111100011111001110000110011111101111011010010101
11110111011000100111110110010110011010111101100010010101101010001110100011101010000100010010111101001110100001010111001001110101011001001001001011110101111100110011000101110010010110110010111011000110
01011110101011011100111001011011100010101000001001100010100110010001000011101110100010111110101111000011110110101000011001101110101011110111101100110010111010000001011111001100001010010110001010100101
11010011101101011111010111001101011010001111110010010000011101000010010110100101100010111110011111101010011001001010100110001001100100010111010001101111001010101100011111011100110001111100100011111001
01000000010101100101100100001110010000000011010110101000100000011001000101000001110100111111011011001101111100010101100110101010000001000101101111010010001110100000101010110111101010001100011011010010
10111001010100101110100010001101001011100100000110001010001011000010101010100000000110010011110111011110111011101111001101101010100000000001000000000110110110001100101111001101100000101000101011011111
00000010000000110000000011101010111011000100001010111010011000110110111100110001011010101101011111001011110110011110001101101000100111110001011110000101001011110110100110110100110011101001100100111100
11000010101101011101011100011000110001111101011111000010010000100010010101011001100100001100110100110101101011110011100100111010001111100111101111111101000010000001111001011100100101101011011100010001
01011111001010011011110110011001010010011001010101010111010000100000111100110111100101010101001011010101001011000111001000001100010110010101000010111110010111001110011011110011100001010101010000000001
00011001101101001111100011011100001010110100100111101111101010101100011011101111011010110010110000000111011010110001001111011010010000010111000010100101011100110001100111001000111111110111110100000110
01000111100000100000100000111011100011010100001000110000110000110011110011111000110001010110001010110001010100001111100100000000000000000001101100111111001101111110011010011101010010101011111100100110
00001111100100101000111110110001100111010100011000001010011011011101110000011101000001110100000010010110110100001010000110101011100000001001110011010100100110001100001110000111000100011111011001100101
10010000110011100100101100001110001101111101001000110000011100111100101010100101110100011001001010011101000000110101101101100011010011111110100100000010010011111010100000100111101011000111010100101001
00000101001011001110110001110101100100011010101011001001011011011001001101011110100011111010111101100101001101100010001100001011100011100001001011111101111011000110011101011111011100010101000100101001
10000001000011110000110110111000101111110000011100100000101110111011001011111100000111101000101100101010000010101101111111100111010001101000111011011111000001010100110011100111110011111010100010100100
00111111100010100010101011000111101111111100100101001110000011100000111110111100110010001111111110101100100011000110111100111101001001011010111101001001101110000000010111001001011111011101111000100111
01101100110001101110011010111101100111111111110001000101111010001001100001010000100100000010000011011111110111110001011010010011101100010101011001101100000011010011111101101101111011001100110000101110
01000000000000011011000010110111111110010000001001001000110010110011000011110011110100100000111101100110110111000101000111111101111011001001100110100110111100111111101000110000101010001111111010101000
00011101101010000011110010010011111111001000001101100110111111000101100111100110111010010101100111000100011111100111011001110001110101110110100010011011110000001010000000011100011010000001111110101001
10000000001000110110100011000011101000111011101001000000001010011001100001010011010111100110100010001101000010010000000001011001101110011001111100110101011101111100110100101100111010111101001101011000
11011001101010011010000101111111010011011101101100000110000011011011011001010111110011011000101001011001101001101000010011110001000000101100001101100011111110111111101011110111000000010000010001110001
00101000001100111101000010000010011100101110010111011111000001010110001100111000101001011001001010010000010000110111111101110001010110111001111101001110001001110111100110011001101011100100011100100011
10100010000100011011101011010010010100010000011001010101100001000011101100011001010110001100110001011001000000110111111000000010011001101100111110011001100111001111101001011011001110110001101001101101
01111110110110110010001010101011001011000101110110100100100010101110110010110100010010000010001000100101001011010000011010001101011010101100001001110100101110001100010101011011011110001000100010100111
01110001100001001100010110001110011011001100111001010101100001100001011110010010100000001000001110001000011010101000001111100000101101001001111001011001111111101010011001110000000100100111001110111101
01010100100001000110000110111110101010111111001100100100111110000111110111101101010000100001101010111110111011001000001111001111001111011000010101000000001010000110011111100010111000110010001111000111
00001011101010000011001001000101110101101111100000010100011011111010010101101110001111101101001111000111011010101000100111101110110010000010100010110100110100011101101101001110010110000101010010110100
01010100010011011011010110000101001000110100000110101000001100001001100101000111000101101110101110011011110001010110000011011010110001010011001010100000101110000100101111101001111111100110011111001011
10010110110101101101000110000111110011100111010110000100000100110011001101010110101001110000101010110000100011000011100101110101011000001011100000000101011010010110010001101101011111011011111100100010
00101100001001000010000110100001001110101110001001000010000010100100011010010101001111011010101000010010111011000110001011010101011100100011000111011010000100000011010001100111110000111110001100011110
10010110110101011001101011111111001001000010010011110110111011000100101101101101110100011011000011111110011111101110011011101000111001101110101010001100101010110111101001100111000011110100101001100001
00000011011000111011111101001010110001101000000100111101000110011010111010001100011110000100011001111001110100001100110011011010111001000010111011111001010010010001001011100100101111001111011001000100
11110011110100111100001010110101101111011010010001110111000011110110011000000001110000110100010000001111001011000010101000100001101011001101000010111001001010010101101100110001000101101000011111110010
01001111101101101010110111010110010010101110111001101111101010110111000000010000100110111011010000010000010101010100101000100000110001101010000101001010000010010010111000011100010000011011101101001010
11011011000010100011100100000011010100101100111100110111010110111100111000100101111110101100011001000011000010011011101101110111111001101111101010110110000100101010010101010001101000001011100000100011
00101111100000011001011111110111000010111110001100100101000100001001011000100000111010011111111011000011011000000111000011111010001000010011100001110010001001100011100100001111111000000100010000111111
11100111100011000001111011110110111001000111110010000001101001110100010110001010000010011000010011111100101100111001110001101101011011100001111111100011011100011000010100111111110110111011011000101010
10100001000001011010101101010010000000010101100001000101111000000011001111010101101001000011011011100101101000000010000010100100110001100100010000011011001000010110010001000110101100100111000111111001
11010011011010111010110001010110010111101001000101011010011101000010101110011010110101010110100101111111101000011001010111010111101110000000011001110111000110110000101000010111110011000001101011100110
11001100100001010011110100110110100000110010001111110010110010010011101110101101101110010110111100000100010100110110000111010111111011011110101100010010100100111110100011011111011000011000010011010110
00101010100111101011010110001001011111110001001101001100100010001000111001111000001100110000111101111011110110100100101101100001110110100111101010101000001011100010111000011001011011001011100101011110
10100101111011101010110100010000111100010110000101011001100001100111001100110011011000010111011011010100000111111111001101101001110101010000110011001100010110010100110100011011110000000000001011010011
00110000010001110001011001010101110101100110000000101000001101000110100010000111110010000010001010111100101000000110010101101000110010001111111000101000000101101011000000111101110111111000011001000101
10011011011010001000011111010111011001001100101111000000100101100100111111100000010011000010110001000000100000100110100100011001010001100001010001100010100000011110001101111011111111000110001111101110
10111111010011100100100111011000010101110001010111100011100001000111000111101100001101010001001111110101111011001101101011110001111100111000011001111110111101101001010111110111011000100111110110010110
01101011110110001001010110101000111010001110101000010001001011110100111010000101011100100111010101100100100100101111010111110011