10010101010100101101010100101100011100100000110001011001010100001011111001011100111001101111001110000101010101000000000100011001101101001111100011011100
00101011010010011110111110101010110001101110111101101011001011000000011110110101000000010100111110100000000100000111000000011001000011001100110001010111000111000010100110100011011010010000100000111011
10001101010000100011000011000011001111001111100011000101011000101011000101010000111110010000000000000000000110110011111100110111111001101001110101001010101111110010011000001111100100101000111110110001
10011101010001100000101001101101110111000001110100000111010000001001011011010000101000011010101110000000100111001101010010011000110000111000011100010001111101100110010110010000110011100100101100001110
00110111110100100011000001110011110010101010010111010001100100101001110100000011010110110110001101001111111010010000001001001111101010000010011110101100011101010010100100000101001011001110110001110101
10011000001100100110111101001101011110100001000111101111001001110010100001011010101110101010010110011000101000010100110111101100011001110101111101110001010100010010100110000001000011110000110110111000
10111111000001110010000010111011101100101111110000011110100010110010101000001010110111111110011101000110100011101101111100000101010011001110011111001111101010001010010000111111100010100010101011000111
10111111110010010100111000001110000011111011110011001000111111111010110010001100011011110011110100100101101011110100100110111000000001011100100101111101110111100010011101101100110001101110011010111101
10011111111111000100010111101000100110000101000010010000001000001101111111011111000101101001001110110001010101100110110000001101001111110011010001011100011011001011011100101010100000001111000011111001
11110110100000010010010001100101100100100101101111010010000011110110011011011100010100011111110111101100100110011010011011110011111110100011000010101000111111101010100000011101101010000011110010010011
11111100100000110110011011111100010110011110011011101001010110011100010001111110011101100111000111010111011010001001101111000000101000000001110001101000000111111010100110000000001000110110100011000011
10100011101110100100000000101001100110000101001101011110011010001000110100001001000000000101100110111001100111110011010101110111110011010010110011101011110100110101100011011001101010011010000101111111
01001101110110110000011000001101101101100101011111001101100010100101110011111001110010001101000010001001010000010011001101010111111111110111000100001000000010000011001000011110001100111101000010000010
01110010111001011101111100000101011000110011100010100101100100101001000001000011011111110111000101011011100111110100111000100111011110011001100110101110010001110010001110100010000100011011101011010010
01010001000001100101010110000100001110110001100101011000110011000101100100000011011111100000001001100110110011111001100110011100111110100101101100111011000110100110110101111110110110110010001010101011
00101100010111011010010010001010111011001011010001001000001000100010010100101101000001101000110101101010110000100111010010111000110001010101101101111000100010001010011101110001100001001100010110001110
00110100110001011000101001100001000010010110100101101010011010110100111010110101011000011101101001110000010001110101100111111110101001100111000000010010011100111011110101010100100001000110000110111110
10101011111100110010010011111000011111011110110101000010000110101011111011101100100000111100111100111101100001010100000000101000011001111110001011100011001000111100011100001011101010000011001001000101
11010110111110000001010001101111101001010110111000111110110100111100011101101010100010011110111011001000001010001011010011010001110110110100111001011000010101001011010001010100010011011011010110000101
00100011010000011010100000110000100110010100011100010110111010111001101111000101011000001101101011000101001100101010000010111000010011011101110011011111101100011100011111100011010000010100000001100001
01001101000100000110100000000011100100111000011010100111000010101011000010001100001110010111010101100000101110000000010101101001011001000110110101111101101111110010001000101100001001000010000110100001
00111010111000100100001000001010010001101001010100111101101010100001001011101100011000101101010101110010001100011101101000010000001101000110011111000011111000110001111010010110110101011001101011111111
00100100001001001111011011101100010010110110110111010001101100001111111001111110111001101110100011100110111010101000110010101011011110100110011100001111010010100110000100000011011000111011111101001010
11000110100000010011110100011001101011101000110001111000010001100011110001101010110011001110110101110010100111111101111000100100101010011101101011110100110100110010001001111011110100111100001010110101
10111101101001000111011100001111011001100000000111000011010001000000111100101100001010100010000110101100110100001011100100101001010110110011000100010110100001111111001001001111101101101010110111010110
01001010111011100110111110101011011100000001000010011011101101000001000001010101010010100010000011000110101000010100101000001001001011100001110001000001101110110100101011011011000010100011100100000011
01010010110011110011011101011011110011100010010111111010110001100100001100001001101110110111011111100110111110101011011000010010101001010101000110100000101110000010001100101111100000011001011111111010
01111010000011001101101101011100110101001101111000111101001000110101100111010110100011101100100110011110001111010011100110100000110101000100000011111011000100011101101101000001001111100100000111101000
10100010100101100001010111000111000101010110111100111011010000110110110110101001110110011100110000001111000011111110010101100011110010110001000010011100111010100001001110110110110111000100000011011010
00001101001110010110110110001000100001001000011001111100100100100100011000001100100100000111110101011010011010111100100101110100110000010001011010010011000111101010001010010100111110101111111111010011
10010110110011110010010011101111101111111010101100001001000010101000101101000111000010100110010101000100001111100010111111001011101100101101011110111001101010101000011010011001100001111100111101011100
00110001000010110010111111011001001010011000011100100010011000111001000011111110000001000100001111111110011110001100000111101111011011100100011111001000000110100111010001011000101000001001100001001111
11001011001110011100011011010110111000011111111000110111000110000101001111111101101110110110001010101010000100000101101010110101001000000001010110000100010111100000001100111101010110100100001101101110
01011010000000100000101001001100011001000100000110110010000101100100010001101011001001110001111110011101001101101011101011000101011001011110100100010101101001110100001010111001101011010101011010010111
11111010000110010101110101111011100000000110011101110001101110100101001010010110010010100111010100111100010001001000001111101001100101101001000110110101101101000100001101111010110110111001011011110000
01000101001101100001110101111110110111101011000100101001001111101000110111110110000110000100110101100010101010011110101101011000100101111111000100110100110010001000100011100111100000110011000011110111
10111101101001001011011000011101101001111010101010000010111000101110000110010110110010111001010111101010010111101110101011010001000011110001011000010101100110000110011100110011001101100001011101101101
01000001111111110011011010011101010100001100110011000101100101001101000110111100000000000010110100110011000001000111000101100101010111010110011000000010100000110100011010001000011111001000001000010101
01101111100010010010000111001100110011010101101101101010001111010000001101000110111101001001001000100110101101101000100001111101011101100100110010111100000010010110010011111110000001001100001011000100
00001000001001101001000110010100011000010100011000101000000111100011011110111111110001100011111011101011111101001110010010011101100001010111000101011110001110000100011100011110110000110101000100111111
01011110110011011010111100011111001110000110011111101111011010010101111101110110001001111101100101100110101111011000100101011010100011101000111010100001000100101111010011101000010101110010011101010110
01001001001011110101111100110011000101110010010110110010111011000110010111101010110111001110010110111000101011000011000110010100011010000000010111011110110101011101010010111100010101000011100101110101
01111011111110110001110111001010001111001100001010010110001010100101110100111011010111110101110011010110100011111100100100000111010000100101101001011000101111100111111010100110010010101001100010011001
00010111010001101111001010101100011111011100110001111100100011111001010000000101011001011001000011100100000000110101101010001000000110010001010000011101001111110110110011011111000101011001101010100000
01000101101111010010001110100000101010110111101010001100011011010010101110010101001011101000100011010010111001000001100010100010110000101010101000000001100100111101110111101110111011110011011010101000
00000001000000000110110110001100101111000100010010010100011101100111000010011000000100101000011111010111111000000001110111011001000110111111001100100001110101000011111010111101100111100011011010001001
11110001011110000101001011110110100110110100110011101001100100111100110000101011010111010111000110001100011111010111110000100100001000100101010110011001000011001101001101011010111100111001001110100011
11100111101111111101000010000001111001011100100101101011011100010001010111110010100110111101100110010100100110010101010101110100001000001111001101111001010101010010110101010010110001110010000011000101
10010101000010111110010111001110011011110011100001010101010000000001000110011011010011111000110111000010101101001001111011111010101011000110111011110110101100101100000001111011010100000001010011111010
00000001000001110000000110010000110011001100010101110001110000101001101000110110100100001110101111011000110101000010001100001100001100111100111110001100010101100010101100010101000011111001000000000000
00000001101100111111001101111110011010011101010010101011111100100110000011111001001010001111101100011001110101000110000010100110110111011100000111010000011101000000100101101101000010100001101010111000
00001001110011010100100110001100001110000111000100011111011001100101100100001100111001001011000011100011011111010010001100000111001111001010101001011101000110010010100111010000001101011011011000110100
11111110100100000010010011111010100000100111101011000111010100101001000001010010110011101100011101011001100000110010011011110100110101111010000100011110111100100111001010000101101010111010101001011001
10001010000101000000000101100110101101011001010110101001011001001001111101100011101101011100000110110101110110011110000111011010111110110011011011001011111001000001001000111100110100001001111001001101
01110110100011010000010100101001011100000010101100001101101000111010101101111001101000111010000000111100100101011001011111001101101110110001011000000001111110001111101000001010111100010001001110001100
11101111011000111011101110010110100001000001010001100001011011011011000111111110010001101111010011101100111110100000110011100010111101100000000011000000101111110001010001011100010111011011011011011101
01100001101100110001000010110011011000001101111101100100000111101100101110100111110011110101111110011010000110110001000100100101010001111010101101111110111111101011011101011111011100010101000100101001
10000001000011110000110110111000101111110000011100100000101110111011001011111100000111101000101100101010000010101101111111100111010001101000111011011111000001010100110011100111110011111010100010100100
0011111110001010001010101100011110111111110010010100111000001110000011111011110011001000111111111010110010001100