0011010010011000111111010010011001110110100000001100011010011100011011011011001100111110110010011101101111011100110011110101010010001000010111101100010000001000
01000010101100101100111111001111101000111100101111111000001000110011011000000110001111010001101010101100100101101101100100110101111010001111101011110110010100110110001000110000101110001110000100101111
11011110110001100111010111110111000101010001001010011000000100001111000011011011100010111111000001110010000010111011101100101111110000011110100010110010101000001010110111111110011101000110100011101101
11110000010101001100111001111100111110101000101001000011111110001010001010101100011110111111110010010100111000001110000011110010100110010001111011100001110100011101110110100010101101001110010010101001
00100111000101001110110000101110101010101000010011111100110011011001100010010011111001101011111011011101111010010000011001001110010101100101000000011111101011101110011110000011001001100111101110001001
11000100111001111010011011011110110011001100001011100100000000000001101100001011011111111001000000100100100011001011001100001111001111010010000011110110011011011100010100011111110111101100100110011010
01101111001111111010001100001010100011111110101010000001110110101000001111001001001111111100100000110110011011111100010110011110011011101001010110011100010001111110011101100111000111010111011010001001
10111100000010100000000111000110100000011111101010011000010001010110110001001100011101010010011100011101000001010011011000011111011011111001100101010101101101000010010001011010011001110111011011110010
10101110101110011011000010011100001010110110111000011111011000010011000001111110111010001010111100110100110001001111001110011010111010001110000001001111100110100110100001001111000100000010110000110110
00111111101111111010111101110000000100000100011100010010100000110011110100001000001001110010111001011101111100000101011000110011100010100101100100101001000001000011011111110111000101011011100111110100
11100010011101111001100110011010111001000111001000111010001000010001101110101101001001010001000001100101010110000100001110110001100101011000110011000101100100000011011111100000001001100110100010110111
00110111110010110100101100110111011001100101110111101110100111100111000001000000011001011000111110100100100000000101100010000010100011000101000001000000101100011010000011010100101110000100110000001011
10000011010111011110111101101010000100000100010111101010001100011101100011110100100001101100110011100101010110000110000101111001001010000000100000111000100001101010100000111110000010110100100111100101
10011111111010100110011100000001001001110011101111010101010010000100011000011011111010101011111100110010010011111000011111011110110101000010000110101011111011101100100000111100111100111101100001010100
00000010100001100111111000101110001100100011110001110000101110101000001100100100010111010110111110000001010001101111101011101001110000101100111101111101101110000001000001111001110111000000010100010110
11001010011110100111110110011111010110111101011011011011110111011110011011110101101101010011100100100101000001110001001000101001101100111101110100100111011010011110100000011110000011001111011101000100
00010110000010011011111010011111111001100111110010111001011011010110110100011000011111001110011101011000010000010011001100110101011010100111000010101011000010001100001110010111010101100000101110000000
01010110100101100100011011010111110110111111001000100010110000100100001000011010000100111010111000100100001000001010010001101001010100111101101010100001001011101100011000101101010101110010001100011101
10100001000000110100011001111100001111100011000111100011110110101010011100001110101101011000010010001010110111011000110101101101101011110011011000001011100010111100110110011001000011011100110100010000
11010101011010110000100110100100111111010001100101110001011111010111001110101001010110001000000001110010111101100011000110010101110010100100100111010111100111010000110011001101101011100100001011101111
10010100100100010010111001001011110011110110010001001111001111010011110000101011010110111101101001000111011100001111011001100000000111000011010001000000111100101100001010100010000110101100110100001011
10010010100101011011001100010001011010000111111100100100111110110110101011011101011001001010111011100110111110101011011100000001000010011011101101000001000001010101010010100010000011001100000001101001
00010100011000011000001110001100011000100011110000001111001101010100011000110000011010100000100111100011101011110111100111000000111111110101110111001001011000010110011100111010111111011101111101010111
10000110000001011110111100100001000001110001000000100000101101010011011111101111010110110100000111011110011111111100101111001110110000111110010100101110001110101000010110011101011001101001011011010011
10011010000011010100010000001111101100010001110110110100000100111110010000011110100010100010100101100001010111000111000101010110111100111011010000110110110110101001110110011100110000001111000011111110
01010110001111001011000100001001110011101010000100111011011011011100010000001101101000001101001110010110110110001000000110010100100011111000001100011101100001011000001100001111101011100001100000101000
01111011100010010010001010010111001100111000010101000110100110110101111111101010001100101101110010100000110110011010001111110100011101000010000101000001011111011010010000001100101111011100001010010001
10111000011101110000101111100011001001010001000010010110001000001110100111111110110000110110000001110000111110100010000100111000011100100010011000111001000011111110000001000100001111111110011110001100
00011110111101101110010001111100100000011010011101000101100010100000100110000100111111001011001110011100011011010110111000011111111000110111000110000101001111111101101110110110001010101010000100000101
10101011010100100000000101011000010001011110000001110111101011110101110101101000100011110000000100000000010011001001100110011001001100110000001110011100100010000111010110110011111001101010001011000110
01001000111010001110100001110110101000001011110000010011001000001011101010010010101011100001001100101011111010110010000101001100101111100110001100001010000101111100110000011010111001101100110010000101
00111101001101101000001100100011111100101100100100111011101011011011100101101111000001000101001101100001110101111110110111101011000100101001001111101000110111110110000110000100110101100010101010011110
10110101100010010111111100010011010011001000100010001110011110000011001100001111011110111101101001001011011000011101101001111010101010000010111000101110000110010110110010111001010110110110010011011010
10001110110101111010101010101101010010111011011110001101011110110101011011100001010010010101110000000011011101001110110010010101101010100100111110111100100101110101101010101110001101100110111101011111
01110001100111011100101010000000101010011100111001100101010010000010011000101001100100010000111011101000101111101011110000111101101010000110011011101010111101111011001100101110100000010111110011000010
10010110001010100101110100111011010111110101110011010110100011111100100100000111010000100101101001011000101111100111111010100110010010101001100010011001000101110100011011110010101011000111110111001100
01111100100011111001010000000101011001011001000011100100000000110101101010001000000110010001010000011101001111110110011010010110001110101010111110010001000011100010111001111010111100001111101100011100
10110001000010011011011011110101001011001010110010011100111000100001101011111001000100100111011101101000101100001111110101000011100101111100101100000001110010001000101111000111010010010000111001101011
00010011110110100100000101110000101001010111001100011001110010001111111101111101000001100100011110000010000010000011101110001101010000100011000011000011001111001111100011000101011000101011000101010000
11111001000000000000000000011011001111110011011111100110100111010100101010111111001001100000111110010010100011111011000110011101010001100000101001101101110111000001110100000111010000001001011011010000
10100001101010111000000010011100110101001001010011010111000011110111001010101001110011100111010110011001110101110100100101101010101000000011000010110110110100000101111110100011011100000111111001010111
10100110110100111101101110000010010000001101111100000000000011100000110011111011010001100001101001011001100010001111101100110000011001011001101010001111111001010111001111001111000011110100010110100101
00100000000110100010000101010111100101010111110111011011010110010101101010010110010010011111011000111011010111000001101101011101100111100001110110101111101100110110110010111110010000010010001111001101
00001001111001001101011101101000110100000101001010010111000000101011000011011010001110101011011110011010001110100000001111001001010110010111110011011011101100010110000000011111010111110101010001001110
00110111001101001001100011111101001001100111011010000000110001101001110001101101101100110011111011001001110110111101110011001111010101001000100001011110110001000000100001000010101100101100111111001111
10100011110010111111100000100011001101100000011000111101000110101010110010010110110110010011010111101000111110101111011001010011011000100011000010111000111000010010111111011110110001100111010111110111
00010101000100101001100000010000111100001101101110001011111100000111001000001011101110110010111111000001111010001011001010100000101011011111111001110100011010001110110111110000010101001100111001111100
11111010100010100100001111111000101000101010110001111011111111001001010011100000111000001111101111001100100011101110000111010001110111011010001010110100111001001010100100100111000101001110110000101110
10101010100001001111110011001101100110001001001111100110101111101101110111101001000001100100111001010110010100000001111110101110111001111000001100100110011110111000100111000100111001111010011011011110
11001100110000101110010000000000000110110000101101111111100100000010010010001100101100110000111100111101001000001111011001101101110001010001111111011110110010011001101001101111001111111010001100001010
10001111111010101000000111011010100000111100100100111111110010000011011001101111110001011001111001101110100101011001110001000111111001110110011100011101011101101000100110111100000010100000000111000110
10000001111110101001100000000010001101100100110001110101001001110001110100000101001101100001111101101111100110010101010110110100001001000101101001100111011101101111001010101110101110011011000010011100
00101011011011100001111101100001001100000111111011101000101011110011010011000100111100111001101011101000111000000100111110011010011010000100111100010000001011000011011000111111101111111010111101110000
00010000010001110001001010000011001111010000100000100111001011100101110111110000010101100011001110001010010110010010100100000100001101111111011100010101101110011111010011100010011101111001100110011010
11100100011100100011101000100001000110111010110100100101000100000110010101011000010000111011000110010101100011001100010110010000001101111110000000100110011011001111100110010111110010110100101100110111
01100110010111011110111010011110011100000100000001100101100011111010010010000000010110001000001010001100010100000100000010110001101000001101010010111000010011000000101110000011010111011110111101101010
00010000010001011110101000110001110110001111010010000110110011001110010101011000011000010111100100101000000010000011100010000110101010000011111000001011010010011110010110011111111010100110011100000001
00100111001110111101010101001000010001100001101111101010101111110011001001001111100001111101111011010100001000011010101111101110110010000011110011110011110110000101010000000010100001100111111000101110
00110010001111000111000010111010100000110010010001011101011011111000000101000110111110100101011011100011