1110001001000010000010100100011010010101001111011010101000010010111011000110001011010101011100100011000111011010
00010000001101000110011111000011111000110001111010010110110101011001101011111111001001000010010011110110111011000100101101101101110100011011000011111110011111101110011011101000110111001101000100001101
01010110101100001001101001001111110100011001011100010111110101110011101010010101100010000000011100101111011000110001100101011100101001001001110101111001110100001100110011011010111001000010111011111001
01001001000100101110010010111100111101100100010011110011110100111100001010110101101111011010010001110111000011110110011000000001110000110100010000001111001011000010101000100001101011001101000010111001
00101001010110110011000100010110100001111111001001001111101101101010110111010110010010101110111001101111101010110111000000010000100110111011010000010000010101010100101000100000110001101010000101001010
00001001001011100001110001000001101110110100101011011011000010100011100100000011010100101100111100110111010101111001110000001111111101011101110010010110000101100111001110101111110111011111010101111000
01100000010111101111001000010000011100010000001000001011010100110111111011110101101101000001110111100111111111001011110011101100001111100101001011100011101010000101100111010110011010010110110100111001
10100000110101000100000011111011000100011101101101000001001111100100000111101000101000101001011000010101110001110001010101101111001110110100001101101101101010011101100111001100000011110000111111100101
01100011110010110001000010011100111010100001001110110110110111000100000011011010000011010011100101101101100010001000010010000110011111001001001001000110000011001001000001111101010110100110101111001001
01110100110000010001011010010011000111100101010001101001101101011111111010100011001011011100101000001101100110100011111101000111010000100001010000010111110110100100000011001011110111000010100100011011
10000111011100001011111000110010010100010000100101100010000011101001111111101100001101100000011100001111101000100001001110000111001000100110001110010000111111100000010001000011111111100111100011000001
11101111011011100100011111001000000110100111010001011000101000001001100001001111110010110011100111000110110101101110000111111110001101110001100001010011111111011011101101100010101010100001000001011010
10110101001000000001010110000100010111100000001100111101010110100100001101101110010110100000001000001010010011000110010001000001101100100001011001000100011010110010011100011110011010100010110001100100
10001110100011101000011101101010000010111100000100110010000010111010100100101010111000010011001010111110101100100001010011001011111001100011000010100001011111001100000110101110011011001100100001010011
11010011011010000011001000111111001011001001001110111010110110111001011011110000010001010011011000011101011111101101111010110001001010010011111010001101111101100001100001001101011000101010100111101011
01011000100101111111000100110100110010001000100011100111100000110011000011110111101111011010010010110110000111011010011110101010100000101110001011100001100101101100101110010101111010100101111011101010
11010001000011110001011000010101100110000110011100110011001101100001011101101101010000011111111100110110001111111010010111001000100110110011100010110010011010010101000001011011001100100001100110100111
10011111111010111000110101010100010001111000110101000101111010010000010000101011110010100000011001010110100011001000111111100010100000010110101100000011110111011111100001100100010110011011011010001000
01111101011101100100110010111100000010010110010011111110000001001100001011000100000010000010011010010001100101000110000101000110001010000001111000110111101111111100011000111110111010111111010011100100
10011101100001010111000101011110001110000100011100011110110000110101000100111111010111101100110110101111000111110011100001100111111011110110100101011111011101100010011111011001011001101011110110001001
01011010100011101000111010100001000101001110110010010101101010100100111110111100100101110101101010101110001101100110111101011111011100011001110111001010100000001010100111001110011001010100100000100110
00101001100100010000111011101000101111101011110000111101101010000110011011101010111101111011001100101110100000010111110011000010100101100010101001011101001110110101111101011100110101101000111111001001
00000111010000100101101001011000101111100111111010100110010010101001100010011001000101110100011011110010101011000111110111001100011111001000111110010100000001010110010110010000111001000000001101011010
10001000000110010001010000011101001111110110110011011111000101011001101010100000010001011011110100100011101000001010101101111010100011000110110100101011100101010010111000000100111100011101100101100000
00000000100000000000010001010010011101101110111010011101100011100111110101010101010000110101010110011111000111000010100111011000001010001010110111110000001000000011000000001110101011101100010000101011
10100110001101101111001100010110101011010111110010111101100111100011011010001001111100010111100001010010111101101001101101001100111010011001001111001100001010110101110101110001100011000111110101111100
00100100001000100101010110011001000011001101001101011010111100111001001110100011111001111011111111010000100000011110010111001001011010110111000100010101111100101001101111011001100101001001100101010101
01110100001000001111001101111001010101010010110101010010110001110010000011000101100101010000101111101010110010011100111000100001101011111001000100100111011101101000101100001111110101000011100101111100
10110000000111001000100010111100011101001001000011100110101100010011110110100100000101110000101001010111001100011001110010001111111101111101000001100100011110000010000010000011101110001101010000100011
00001100001100111100111110001100010101100010101100010101000011111001000000000000000000011011001111110011011111100110100111010100101010111111001001100000111110010010100011111011000110011101010001100000
10100110110111011100000111010000011101000000100101101101000010100001101010111000000010011100110101001001100011000011100001110001000111110110011001011001000011001110010010110000111000110111110100100011
00000111001111001010101001011101001101110000011111100101011110100110110100111101101110000010010000001101111100000000000011100000110011111011010001100001101001011001100010001111101100110000011001011001
10101000111111100101011100111100111100001111010001011010010100100000000110100010000101010111100101010111110111011011010110010101101010010110010010011111011000111011010111000001101101011101100111100001
11011010111110110011011011001011111001000001001000111100110100001001111001001101011101101000110100000101001010010111000000101011000011011010001110101011011110011010001110100000001111001001010110010111
11001101101110110001011000000001111110001111101000001010111100010001001110001100111011110110001110111011100101101000010000010100011000010110110110110001111111100100110110111101110011001111010101001000
10000101111011000100000010000100001010110010110011111100111110100011110010111111100000100011001101100000011000111101000110101010110010010110110110010011010111101000111110101111011001010011011000100011
00001011100011100001001011111101111011000110011101011111011100010101000100101001100000010000111100001101101110001011111100000111001000001011101110110010111111000001111010001011001010100000101011011111
11100111010001101000111011011111000001010100110011100111110011111010100010100100001111111000101000101010110001111011111111001001010011100000111000001111101111001100100011111111101011001000110001101111
00111101001001011010111101001001101110000000010111001001011111011101111000100111011011001100011010001001001111100110101111101101110111101001000001100100111001010110010100000001111110101110111001111000
00110010011001111011100010011100010011100111101001101101111011001100110000101110010000000000000110110000101101111111100100000010010010001100101100110000111100111101001000001111011001101101110001010001
11111101111011001001100110100110111100111111101000110000101010001111111010101000000111011010100000111100100100111111110010000011011001101111110001011001111001101110100101011001110001000111111001110110
01110001110101110110100010011011110000001010000000011100011010000001111110101001100000000010001101101000110000111010001110111010010000000010100110011000010100110101111001101000100011010000100100000000
01011001101110011001111100111100010100000100000010110001101000001101010010111000010011000000101110000011010111011110111101101010000100000100010111101010001100011101100011110100100001101100110011100101
01011000011000010111100100101000000010000011100010000110101010000011111000001011010010011110010110011111111010100110011100000001001001110011101111010101010010000100011000011011111010101011111100110010
01001111100001111101111011010100001000011010101111101110110010000011110011110011110110000101010000000010100001100111111000101110001100100011110001110000101110101000001100100100010111010110111110000001
01000110111110100101011011100011111011010011110001110110101010001001111011101100100000101000101101001101000111011011010011100101100001010100101101000101010001001110011011110101101101010011100100100101
00000111000100100010100110110011110111010010011101101001111010000001111000001100111101110100010000010110000010011011111010011111111001100111110010111001011011010110110100011000011111001110011101011000
01000001001100110011010101101010011100001010101100001000110000111001011101010110000010111000000001010110100101100100011011010111110110111111001000100010110000100100001000011010000100111010111000100100
00100000101001000110100101010011110110101010000100101110110001100010110101010111001000110001110110100001000000110100011001111100001111100011000111101001011011010101100110101111111100100100001001001111
01101110110001001011011011011101000110110000111111100111111011100110111010001110011011101010000011010101011010110000100110100100111111010001100101110001011111010111001110101001010110001000000001110010
11110110001100011001010111001010010010011101011110011101000011001100110110101110010000101110111110010100100100010010111001001011110011110110010001001111001111010011110000101011010110111101101001000111
01110000111101100110000000011100001101000100000011110010110000101010001000011010110011010000101110010010100101011011001100010001011010000111111100100100111110110110101011011101011001001010111011100110
11111010101101110000000100001001101110110100000100000101010101001010001000001100011010100001010010100000100100101110000111000100000110111011010010101101101100001010001110010000001101010010110011110011
01110101101111001110001011111111010111011100100101100001011001110011101011111101110111110101011110000110000001011110111100100001000001110001000000100000101101010011011111101111010110110100000111011110
01111111110010111100111011000011111001010010111000111010100001011001110101100110100101101101001110011010000011010100010000001111101100010001110110110100000100111110010000011110100010100010100101100001
01011100011100010101011011110011101101000011011011011010100111011001110011000000111100001111111001010110001111001011000100001001110011101010000100111011011011011100010000001101101000001101001110010110
11011000100010000100100001100111110010010010010001100000110010010000011111010101101001101011110010010111010011000001000101101001001100011110101000101001010010110101111111101010001100101101110010100000
11011001101000111111010001110100001000010100000101111101101001000000110010111101110000101001000110111000011101110000101111100011001001010001000010010110001000001110100111111110110000110110000001110000
11111010001000010011100001110010001001100011100100001111111000000100010000111111111001111000110000011110111101101110010001111100100000011010011101000101