00000111
00101111011000110001100101011100101001001001110101111001110100001100110011011010111001000010111011111001010010010001001011100100101111001111011001000100111100111101001111000010101101011011110110100100
01110111000011110110011000000001110000110100010000001111001011000010101000100001101011001101000010111001001010010101101100110001000101101000111011100000110110100111110100001011101111001101000010001100
11001111010100101011010100110100011000100010110001110000111010111100000101000100110011000000011010010001010001100001100000111000110001100010001111000000111100110101010001100011000001101010000010011110
00111010111101111001110000001111111101011101110010010110000101100111001110101111110111011111010101111000011000000101111011110010000100000111000100000010000010110101001101111110111101011011010000011101
11100111111111001011110011101100001111100101001011100011101010000101100111010110011010010110110100111001101000001101010001000000111110110001000111011011010000010011111001000001111010001010001010010110
00010101110001110001010101101111001110110100001101101101101010011101100110011100000111110000111111011011100100101100001000110101011011011101000100110111011110001010100011010101101000010000101000100110
10001010010100000001100101001000111110000011000111011000010110000011000011111010111000011000001010000111101110001001001000101001011100110011100001010100011010011011010111111110101000110010110111001010
00001101100110100011111101000111010000100001010000010111110110100100000011001011110111000010100100011011100001110111000010111110001100100101000100001001011000100000111010011111111011000011011000000111
00001111101000100001001110000111001000100110001110010000111111100000010001000011111111100111100011000001111011110110111001000111110010000001101001110100010110001010000010011000010011111100101100111001
11001100111011001100011110111100001110110010010110110111111011110010011110010000010001010011010111110100001111110001010100101110000111001111110000000111011110101111010111010110100010001111000000010000
00000100110010011001100110010011001100000011100111001000100001110101101100111110011010100010110001100100100011101000111010000111011010100000101111000001001100100000101110101001001010101110000100110010
10111110101100100001010011001011111001100011000010100001011111001100000110101110011011001100100001010011110100110110100000110010001111110010110010010011101110101101101110010110111100000100010100110110
00011101011111101101111010110001001010010011111010001101111101100001100001001101011000101010100111101011010110001001011111110001001101001001000101010101110111110000011100100100111011100010101100001000
01111001011010100001101001010100000100001000000111010010011111001100011101111010110100011110100110010101111100110100101001111001001110110011010011001011001101110110110001101010110111101101011011111111
00101000001111111010010111001000100110110011100010110010011010010101000001011011001100100001100110100111100111111110101110001101010101000100011110001101010001011110100100000100001010111100101000000110
01010110100011001000111111100010100000010110101100000011110111011111100001100100010110011011011010001000011111010111011001001100101111000000100101100100111111100000010011000010110001000000100000100110
10010001100101000110000101000110001010000001111000110111101111111100110100111101110000111110110011001001011011100101111010100010101010010010010010001111001010001001001011110110011010101110100010001010
01001011011110110110010011011010100011101101011110101010101011010100101110110111100011010111101101010110111000010100100101011100000000110111010011101100100101011010101001001111101111001001011101011010
10101110001101100110111101011111011100011001110111001010100000001010100111001110011001010100100000100110001010011001000100001110111010001011111010111100001111011010100001100110111010101111011110110011
00101110100000010111110011000010100101100010101001011101001110110101111101011100110101101000111111001001000001110100001001011010010110001011111001111110101001100100101010011000100110010001011101000110
11100000010011001011101011011101101111000001111100111101000111111101111000100100100011010000011011100001010100010010001000101101001111100111111011001100101011100110101000100001000000011000111100111011
01000010000000010100001010110100000110011000111000000110001010100101110100000100111100011101100101100000000000001000000000000100010100100111011011101110100111011000111001111101010101010100001101010101
10011111000111000010100111011000001010001010110111110000001000000011000000001110101011101100010000101011101001100011011011110011000101101010110101111100101111011001111000110110100010011111000101111000
01010010111101101001101101001100111010011001001111001100001010110101110101110001100011000111110101111100001001000010001001010101100100110100110111110010111001001010001100100111000101101100111000101110
10100001000000101100101111000010110100101111011101101010111001000110001011100110011010010110001110101010111110010001000011100010111001111010111100001111101100011100101100010000100110110110111101010010
11001010110010011100111000100001101011111001000100100111011101101000101100001111110101000011100101111100101100000001110010001000101111000111010010010000111001101011000100111101101001000001011100001010
01010111001100011001110010001111111101111101000001100100011110000010000010000011101110001101010000100011000011000011001111001111100011000101011000101011000101010000111110010000000000000000000110110011
11110011011111100110100111010100101010111111001001100000111110010100000010100011011000111010100111010000010011011011111111010011111001011011110100000011110011100000010000110100011001010101001010011010
10000111010011010111000011110111001010101001110011100111010110011001110101110100100101101010101000000011000010110110110100000101111110100011011100000111111001010111101001101101001111011011100000100100
00001101111100000000000011100000110011111011010001100001101001011001100010001111101100110000011001011001101010001111111001010111001111001111000011110100010110100101001000000001101000100001010101111001
01010111110111011011010110010101101010010110010010011111011000111011010111000001101101011101100111100001110110101111101100110110110010111110010000010010001111001101000010011110010011010111011010001110
01011010000000101110010100010110010111110100011100000011111101100101001101010100001111010111111001101010110110100111001001111101010001101110010111110101010001001110001101110011010010011000111111010010
01100111011010000000110001101001110001101101101100110011111011001001110110111101110011001111010101001000100001011110110001000000100001000010101100101100111111001111101000111100101111111000001000110011
01100000011000111101000110101010110010010110110110010011010111101000111110101111011001010011011000100011000010111000111000010010111111011110110001100111010111110111000101010001001010011000000100001111
00001101101110001011111100000111001000001011101110110010111111000001111010001011001010100000101011011111111001110100011010001110101111110100101011001100100010111101101100010001000011000011101101000100
01010100100011110010101011000011110010000101110101001110001010011001000111101110000111010001110111011010001010110100111001001010100100100111000101001110110000101110101010101000010011111100110011011001
10001001001111100110101111101101110111101001000001100100111001010110010100000001111110101110111001111000001100100110011110111000100111000100111001111010011011011110110011001100001011100100000000000001
10110000101101111111100100000010010010001100101100110000111100111101001000001111011001101101110001010001111111011110110010011001101001101111001111111010001100001010100011111110101010000001110110101000
00111100100100111111110010000011011001101111110001011001111010001000011111110110100110001010100010111000101001101010101111010000011000101100010001000000011010001001000101111010000100110001010001010110
11000100110001110101001001110001110100000101001101100001111101101111100110010101010110110100001001000101101001100111011101101111001010101110101110011011000010011100001010110110111000011111011000010011
00000111111011101000101011110011010011000100111100111001101011101000111000000100111110011010011010000100111100010000001011000011011000111111101111111010111101110000000100000100011100010010100000110011
11010000100000100111001011100101110111110000010101100011001110001010010110010010100100000100001101111111011100010101101110011111010011100010011101111001100110011010111001000111001000111010001000100010
00100001111000011011011100011101101110110001110000110010011101111110000110011000101001100001011111101000000000011101110110001011011100110111110010110100101100110111011001100101110111101110100111100111
00000100000001100101100011111010010010000000010110001000001010001100010100000100000010110001101000001101010010111000010011000000101110000011010111011110111101101010000100000100010111101010001100011101
10001111010010000110110011001110010101011000011000010111100100101000000010000011100010000110101010000011111000001011010010011110010110011111111010100110011100000001001001110011101111010101010010000100
01100001101111101010101111110011001001001111100001111101111011010100001000011010101111101110110010000011110011110011110110001110100000010100010111011010100101011100001100010110100010110001001100000100
01110000100010111010100110110100001111011001101001011110100111000010110011110111110110111000000100000111100111011100000001010001011011001010011110100111110110011111010110111101011011011011110111011110
01101111010110110101001110010010010100000111000100100010100110110011110111010010011101101001111010000001111000001100111101110100010000010110000010011011111010011111111001100111110010111001011011010110
11010001100001111100111001110101100001000001001100110011010101101010011100001010101100001000110000111001011101010110000010111000000001010110100101100100011011010111110110111111001000100010110000100100
00100001101000010011101011100010010000100000101001000110011111110011111101000100001100001101110111010001111111111111000100100010101001000111010100101000100010101000001011010011001011000011110110101010
01110000111010110101100001001000101011011101100011010110110110101111001101100000101110001011110011011001100100001101110011010001000011010101011010110000100110100100111111010001100101110001011111010111
00111010100101011000100000000111001011110110001100011001010111001010010010011101011110011101000011001100110110101110010000101110111110010100100100010010111001001011110011110110010001001111001111010011
11000010101101011011110110100100011101110000111101100110000000011100001101000100000011110010110000101010001000011010110011010000101110010010100101011011001100010001011010000111111100100100101001111101
00001011101111001101000010001100110011110101001010110101001101000110001000101100011100001110101111000001010001001100110000000110100100010100011000011000001110001100011000100011110000001111001101010100
01100011000001101010000010011110001110101111011110011100000011111111010111011100100101100001011001110011101011111101110111110101011110000110000001011110111100100001000001110001000000100000101101010011
01111110111101011011010000011101111001111111110010111100111011000011111001010010111000111010100001011001110101100110100101101101001110011010000011010100010000001111101100010001110110110100000100111110
01000001111010001010001010010110000101011100011100010101011011110011101101000011011011011010100111011001110011000000111100001111110110111001001011000010001101010110110111010001001101110111100010101000
11010101101000010000101000100110100010100101000000011001010010001111100000110001110110000101100000110000111110101110000110000010100001111011100010010010001010010111001100111000010101000110100110110101
11111110101000110010110111001010000011011001101000111111