1001010001100001010101000100101110111001111111001000010011011011111101001010110011001000101111011011000100010000
11000011101101000100010101001000111100101010110000111100100001011101010011100010100110010001111011100001110100011101110110100010101101001110010010101001001001110001010011101100001011101010101010000100
11111100110011011001100010010011111001101011111011011101111010010000011001001110010101100101000000011111101011101110011110000011001001100111101110001001110001001110011110100110110111101100110011000010
11100100000000000001101100001011011111110111000100001000000010000011001000011110001110110100000011101001100110111101101001101111101010001001001100110100110110100110101101000010000000010001111110010000
00000111111001010000011110010011001111101100010001111101100010111001101101111001100010000111111101101001100010101000101110001010011010101011110100000110001011000100010000000110100010010001011110100001
00110001010001010110110001001100011101010010011100011101000001010011011000011111011011111001100101010101101101000010010001011010011001110111011011110010101011101011100110110000100111000010101101101110
00011111011000010011000001111110111010001010111100110100110001001111001110011010111010001110000001001111100110100110100001001111000100000010110000110110001111111011111110101110101101010110000111011010
01110000010001110010111001010101010110110001100010101011101100011111110000100010010000001011001001010111010111010111101110111010011111100011011011111100100000011010111101110111011101001100100111100101
00110100010000100010001000011110000110110111000111011011101100011100001100100111011111100001100110001010011000010111111010000000000111011101100010110111001101111100101101001011001101110110011001011101
11101110100111100111000001000000011001011000111110100100100000000101100010000010100011000101000001000000101100011010000011010100101110000100110000001011100000110101110111101111011010100001000001000101
11101010001100011101100011110100100001101100110011100101010110000110000101111001001010000000100000111000010011010001000001101000000000111001001110001011011110111000010111011010010001100001111000110010
10111010110101001000100000110110100100000011111000110100110111110001101110111100101110000001001001010010100111011101000100101001101001111010000111101000000101000101110110101001010111000011000101101000
10110001001100000100011100001000101110101001101101000011110110011010010111101001110000101100111101111101101110000001000001111001110111000000010100010110110010100111101001111101100111110101101111010110
11011011110111011110011011110101101101010011100100100101000001110001001000101001101100111101110100100111011010011110100000011110000011001111011101000100000101100000100110111110100111111110011001111100
10111001011011010110110100011000011101011001110101101000111011001001100111100011111000111100010100101110001010100000110111111010000011101101100000000011110100101000110101001111000111000001000000000110
00011000101000010111001101010010101100110110011101101100010011101110000011011010011111010000101110111100110100001000110011001111010100101011010100110100011000100010110001110000111010111100000101000100
11001100000001101001000101000110000110000011100011000110001000111100000011110011010101000110001100000110101000001001111000111010111101111001110000001111111101011101110010010110000101100111001110101111
11011101111101010111100001100000010111101111001000010000011100010000001000001011010100110111111011110101101101000001110111100111111111001011110011101100001111100101001011000011000100001011001011111101
10010010100111100011001100010001101111001000010111110010001000101011011111010011011011001000011111010001010100000011110001101010110110110010101011001111001001101100001011011110010100111110011010011100
00011111000011111101101110010010110000100011010101101101110100010011011101111000101010001101010110100001000010100010011010001010010100000001100101001000111110000011000111011000010110000011000011111010
11100001100000101000011110111000100100100010100101110011001110000101010001101001101101011111111010100011001011011100101000001101100110100011111101000111010000100001010000010111110110100100000011001011
11011100001010010001101110000111011100001011111000110010010100010000100101100010000011101001111111101001011010010001101101011011010001000011011101011110010101001001011100100000101010010001100011000011
11111100111101011000001111001011110111001100111110010000011000001110100110110101010001010111000011001110100101110010001110001100111011001100011110111100001110110010010110110111111011110010011110010000
01000101001101011111010000111111000101010010111000011100111111000000011101111010111101011101011010001000111100000001000000000100110010011001100110010011001100000011100111001000100001110101101100111110
01101010001011000110010010001110100011101000011101101010000010111100000100110010000010111010100100101010111000010011001010111110101100100001010011001011111001100011000010100001011111001100000110101110
01101100110010000101001111010011110100000011010001101111010010010010001001100101101101100110100111100001100110100110110101101010111010011010110101110010000001100011110000001010111010010011010010001110
10000001000000101001001111100000011110111011011101111100100100010101010111011111000001110010010011101110001010110000100001111001011010100001101001010100000100001000000111010010011111001100011101111010
11010001111010011001010111110011010010100111100100111011001101001100101100110111011011000110101011011110110101101111111100101000001111111010010111001000100110110011100010110010011010010101000001011011
00110010000110011010011110011111111010111000110101010100010001111000110101000101111010010000010000101011110010100000011001010110100011001000111111100010100000010110011101010111101111111011000111011100
10100011011011000001010010111011111110001100100101111000010100101100110010111100010111001100000010011000000100000101100001100111011110011101011110011000010101000110110001101010001110101001110100111101
11000011111011001100100101101110010111101010001010101001001001001000111100101000100100101111011001101010111010001000101001001011011110110110010011011010100011101101011110101010101011010100101110110111
10001101011110110101011011100001010010010101110000000011011101001110110010010101101010100100111110111100100101110101101010101110001101100110111101011111011100011001110111001010100000001010100111001110
01100101010010000010011000101001100100010000111011101000101111101011110000111101101010000110011010010001101111110011001000011101010000111110110111000100011110010001010011101111001000111110101010111101
10111100010110101100011101001110100101001110000111110000011010011010110001001001110000010110000100100011001110101000110011100000010011001011101011011101101111000001111100111101000111111101111000100100
10001101000001101110000101010001001000100010110100111110011111101100110010101110011010100010000100000001100011110011101101000010000000010100001010110100000110011000111000000110001010100101110100000100
11110001110110010110000000000000100000000000010001010010011101101110111010011101100011100111110101010101010000110101010110011111000111000010100111011000001010001010110111110000001000000011000000001110
10101110110001000010101110101100001010011010001101101001000011101011110101101110001010010011100001000011101101101111010011100000101110010111001010001000110101100010001010001000000001111011111110110011
01011001111011101010110101011101000100011010111101100011010011011111001011100100101000110010011100010110110011100010111010100001000000101100101111000010110100101111011101101010111001000110001011100110
01101001011000111010101011111001000100001110001011100111101011110000111110110001110010110001000010011011011011110101001011001010110010011100111000100001101011111001000100100111011101101000101100001111
11010100001110010111110010110000000111001000100010111100011101001001000011100110101100010011110110100100000101110000101001010111001100011001110010001111111101111010010110011000101000010100000000010110
01100101101011000000011101001001001001101101101100011101101011000000011100101110010011110010010001010101010100110011011011110111101010001001001111101100000001101111000011000001101101100100000010100011
01100011101010011101000001001101101111111101001111100101101111010000001111001110000001000011010001100101010100101001101010000111010011010111000011110111001010101001110011100111010110011001110101110100
10010110101010100000001100001011011011010000010111111010001101110000011111100101011110100110110100111101101110000010010000001101111100000000000011100000110011111011010001100001101001011001100010001111
10110011000001100101100110101000111111100101011100111100111100001111010001011010010100100000001001010100011110101011011111101111111010110011101001111011000000101000100101101110100000100111101011000111
01101111111100101001001110100101111101110011110111000010110111000111000101111000111101000111110110011010101111000101111001011010000000101110010100010110010111110100011100000011111101100101001101010100
00111101011111100110101011011010011100100111110101000110111001011111010101000100111000110111001101001001100011111101001001100111011010000000110001101001110001101101101100110011111011001001110110111101
11001100111101010100100010000101111011000100000010000100001010110010110011111100111110100011110010111111100000100011001101100000011000111101000110101010110010010110110110010011010111101000111110101111
01100101001101100010001101000110010110010010010110111110100110001101101110111110111000101010011101000111010001100100111100011111001101010111101100001111010001010111011101100000111011010110100101000110
00010101010001001011101110011111110010000100110110111111010010101100110010001011110110110001000100001100001110110100010001010100100011110010101011000011110010000101110101001110001010011001000111101110
00011101000111011101101000101011010011100100101010010010011100010100111011000010111010101010100001001111110011001101100110001001001111100110101111101101110111101001000001100100111001010110010100000001
11111010111011100111100000110010011001111011100010011100010011100111101001101101111011001100110000101110010000000000000110110000101101111111100100000010010000001000001100100001111000111011010000001110
10011001101111011010011011111010100010010011001101001101101001101011010000100000000100011111100100000000011111100101000001111001001100111110110001000111110110001011100110110111100110001000011111110110
10011000101010001011100010100110101010111101000001100010110001000100000001101000100100010111101000010011000101000101011011000100110001110101001001110001110100000101001101100001111101101111100110010101
01011011010000100100010110100110011101110110111100101010111010111001101100001001110000101011011011100001111101100001001100000111111011101000101011110011010011000100111100111001101011101000111000000100
11111001101001101000010011110001000000101100001101100011111110111111101011110111000000010001110110100111000001000111001011100101010101011011000110001010101110110001111111000010001001000000101100100101
01110101110101111011101110100111111000110110111111001000000110101111011101110111010011001001111001010011010001000010001000100001111000011011011100011101101110110001110000110010011101111110000110011000
10100110000101111110100000000001110111011000101101110011011111001011010010110011011101100110010111011110111010011110011100000100000001100101100011111010010010000000010110001000001010001100010100000100
00001011000110100000110101001011100001001100000010111000001101011101111011110110101000010000010001011110101000110001110110001111010010000110110011001110010101011000011000010111100100101000000010000011
10001000011010101000100011101100100110011110001111100011110001010010111000101010000011011111101000001110110110000000001111010010100011010100111100011100