01001011010001010100010011011011010110000101001000110100000110101000001100001001
10010100011100010110111010111001101111000101011000001101101011000101001100101010000010111000010011011101110011011111101100011100011111100011010000010100000001100111110011100111010110000100000100110011
00110101011010100111000010101011000010001100001110010111010101100000101110000000010101101001011001000110110101111101101111110010001000101100001001000010000110100001001110101110001001000010000010100100
01101001010100111101101010100001001011101100011000101101010101110010001100011101101000010000001101000110011111000011111000110001111010010110110101011001101011111111001001000010010011110110111011000100
10110110110111010001101100001111111001111110111001101110100011100110111010101000110010101011011110100110011100001111010010100110000100000011011000111011111101001010110001101000000100111101000110011010
11101000110001111000010001100011110001101010110011001110110101110010100111111101111000100100001011100011101010000101100111010110011010010110110100111001101000001101010001000000111110110001000111011011
01000001001111100100000111101000101000101001011000010101110001110001010101101111001110110100001101101101101010011101100111001100000011110000111111100101011000111100101100010000100111001110101000010011
10110110110111000100000011011010000011010011100101101101100010001000010010000110011111001001001001000110000011001001000001111101010110100110101111001001011101001100000100010110100100110001111010100010
10010100111110101111111111010011100101101100111100100100111011111011111110101011000010010000101010001011010001110000101001100101010001000011111000101111110010111011001011010111101110011010101010000110
10011001100001111100111111101100001101100000011100001111101000100001001110000111001000100110001110010000111111100000010001000011111111100111100011000001111011110110111001000111110010000001101001110100
01011000101000001001100001001111110010110011100111000110110101101110000111111110001101110001100001010011111111011011101101100010101010100001000001011010101101010010000000010101100001000101111000000011
00111101010110100100001101101110010110100000001000001010010011000110010001000001101100100001011001000100011010110010011100011111100111010011011010111010110001010110010111101001000101011010011101000010
10111001101011010101011010010111111110100001100101011101011110111000000001100111011100011011101001010010100101100100101001110101001111000100010010000011111001101011000000111101110111111000011001000101
10011011011010001000011111010111011001001100101111000000100101100100111111100000010011000010110001000000100000100110100100011001010001100001010001100010100000011110001101111011111111000110001111101110
10111111010011100100100111011000010101110001010111100011100001000111000111101100001101010001001111110101111011001101101011110001111100111000011001111110111101101001010111110111011000100111110110010110
01101011110110001001010110101000111010001110101000010001001011110100111010000101011100100111010101100100100100101111010111110011001100010111001001011011001011101100011001011110101011011100111001011011
10001010110000110001100101000110100000000101110111101101010111010100101111000101010000110110111010101111011110110011001011101000000101111100110000101001011000101010010111010011101101011111010111001101
01101000111111001001000001110100001001011010010110001011111001111110101001100100101010011000100110010001011101000110111100101010110001111101110011000111110010001111100101000000010101100101100100001110
01000000001101011010100010000001100100010100000111010011111101101100110111110001010110011010101000000100010110111101001000111010000010101011011110101000110001101101001010111001010100101110100010001101
00101110010000011000101000101100001010101010000000011001001111011101111011101110111100110110101010000000000100000000011011011000110010111100010001001001010001110110011100001001100000010010100001111101
01111110000000011101101001100011011011110011000101101010110101111100101111011001111000110110100010011111000101111000010100101111011010011011010011001110100110010011110011000010101101011101011100011000
11000111110101111100001001000010001001010101100110010000110011010011010110101111001110010011101000111110011110111111110100001000000111100101110010010110101101110001000101011111001010011011110110011001
01001001100101010101011101000010000011110011011110010101010100101101010100101100011100100000110001011001010100001011111001011100111001101111001110000101010101000000000100011001101101001111100011011100
00101011010010011110111110101010110001101110111101101011001011000000011110110101000000010100111110100000000100000111000000011001000011001100110001010111011111010000011001000111100000100000100000111011
10001101010000100011000011000011001111001111100011000101011000101011000101010000111110010000000000000000000110110011111100110111111001101001110101001010101111110010011000001111100100101000111110110001
10011101010001100000101001101101110111000001110100000111010000001001011011010000101000011010101110000000100111001101010010011000110000111000011100010001111101100110010110010000110011100100101100001110
00110111110100100011000001110011110010101010010111010001100100101001110100000011010110110110001101001111111010010000001001001111101010000010011110101100011101010010100100000101001011001110110001110101
10011000001100100110111101001101011110100001000111101111001001110010100001011010101100000001101000100001010101111001010101111101110110110101100101011010100101100100100111110110001110110101110000011011
01011101100111100001110110101111101100110110110010111110010000010010001111001101000010011110010011010111011010001101000001010010100101110000001010110000110110100011101010110111100110100011101000000011
11001001010110010111110011011011101100010110000000011111100011111010000010101111000100010011100011001110111101100011101110111001011010000100000101000110000101101101101100011111111001000110111101001110
11001111101000001100111000101111011000000000110000001011111100010100010111000101110110110110110111010110000110110011000100001011001101100000110111110110010000011110110010111010011111001111010111111001
10100001101100010011000010111000111000010010111111011110110001100111010111110111000101010001001010011000000100001111000011011011100010111111000001110010000010111011101100101111110000011110100010110010
10100000101011011111111001110100011010001110110111110000010101001100111001111100111110101000101001000011111110001010001010101100011110111111110010010100111000001110000011111011110011001000111111111010
11001000110001101111001111010010010110101111010010011011100000000101110010010111110111011110001001110110110011000110111001101011110110011111111111000100010111101000100110000101000010010000001000001101
11111101111100010110100100111011000101010110011011000000110100111111001101000101110001101100101101110010101010000000111100001111100111110110100000010100100011001011001100001111001111010010000011110110
01101101110001010001111111011110110010011001101001101111001111111010001100001010100011111110101010000001110110101000001111001001001111111100100000110110011011111100010110011110011011101001010110011100
01000111111001110110011100011101011101101000100110111100000010100000000111000110100000011111101010011000000000100011011010001100001110100011101110100100000000101001100110000101001101011110011010001000
11010000100100000000010110011011100110011111001101010111011111001101001011001110101111010011010110001101100110101001101000010111111101001101110110110000011000001101101101100101011111001101100010100101
11001111100111001000110100001000100101000001001100110101011111111111011100010000000100000100011100010010100000110011110100001000001001110010111001011101111100000101011000110011100010100101100100101001
00000100001101111111011100010101101110011111010011100010011101111001100110011010111001000111001000111010001000010001101110101101001001010001000001100101010110000100001110110001100101011000110011000101
10010000001101111110000000100110011011001111100110011001110011111010010110110011101100011010011011010111111011011011001000101010101100101100010111011010010010001010111011001011010001001000001000100010
01010010110100000110100011010110101011000010011101001011100011000101010110110111100010001000101001110111000110000100110001011000111000110100110001011000101001100001000010010110100101101010011010110100
11101011010110000011111000001011010010011110010110011111111010100110011100000001001001110011101111010101010010000100011000011011111010101011111100110010010011111000011111011110110101000010000110101011
11101110110010000011110011110011110110000101010000000010100001100111111000101110001100100011110001110000101110101000001100100100010111010110111110000001010001101111101001010110111000111110110100111100
01110110101010001001111011101100100000101000101101001101000111011011010011100101100001010100101101000101010001001101101101011000010100100011010000011010100000110000100110010100011100010110111010111001
10111100010101100000110110101100010100110010101000001011100001001101110111001101111110110001110001111110001101000001010000000110000101001101000101011000010000010011001100110101011010100111000010101011
00001000110000111001011101010110000010111000000001010110100101100100011011010111110110111111001000100010110000100100001000011010000100111010111000100100001000001010010001101001010100111101101010100001
00101110110001100010110101010111001000110001110110100001000000110100011001111100001111100011000111101001011011010101100110101111111100100100001001001111011011101100010010110110110111010001101100001111
11100111111011100110111010001110011011101010100011001010101101111010011001110000111101001010011000010000001101100011101111110100101011000110100000010011110100011001101011101000110001111000010001100011
11000110101011001100111011010111001010011111110111100010010010101001110110101000010110011101011001101001011011010011100110100000110101000100000011111011000100011101101101000001001111100100000111101000
10100010100101100001010111000111000101010110111100111011010000110110110110101001110110011100110000001111000011111110010101100011110010110001000010011100111010100001001110110110110111000100000011011010
00001101001110010110110110001000100001001000011001111100100100100100011000001100100100000111110101011010011010111100100101110100110000010001011010010011000111101010001010010100111110101111111111010011
10010110110011110010010011101111101111111010101100001001000010101000101101000111000010100110010101000100001111100010111111001011101100101101011110111001101010101000011010011001100001111100111101011100
00110001000001110000111110100010000100111000011100100010011000111001000011111110000001000100001111111110011110001100000111101111011011100100011111001000000110100111010001011000101000001001100001001111
11001011001110011100011011010110111000011111111000110111000110000101001111111101101110110110001010101010000100000101101010110101001000000001010110000100010111100000001100111101010110100100001101101110
01011010000000100000101001001100011001000100000110110010000101100100010001101011001001110001111110011101001101101011101011000101011001011110100100010101101001110100001010111001101011010101011010010111
11111010000110010101110101111011100000000110011101110001101110100101001010010110010010100111010100111100010001001000001111101001100101101001001000111111001011001001001110111010110110111001011011110000
01000101001101100001110101111110110111101011000100101001001111101000110111110110000110000100110101100010101010011110101101011000100101111111000100110100110010001000100011100111100000110011000011110111
1011110110100100101101100001110110100111101010101000001011100010111000011001011011001011100101011110101001011110111010101101000100001111000101100001010110011000011001110011001100110110