01011101000100011010111101100011010011011111001011100100101000110010011100010110110011100010111010100001000000101100101111000010110100101111011101101010111001000110001011100110
01101001011000111010101011111001000100001110001011100111101011110000111110110001110010110001000010011011011011110101001011001010110010011100111000100001101011111001000100100111011101101000101100001111
11010100001110010111110010110000000111001000100010111100011101001001000011100110101100010011110110100100000101110000101001010111001001110010100001011010101110101010010110011000101000010100000000010110
01100101101011000000011101001001001001101101101100011101101011000000011100101110010011110010010001010101010100110011011011110111101010001001001111101100000001101111000011000001101101100100000010100011
01100011101010011101000001001101101111111101001111100101101111010000001111001110000001000011010001100101010100101001101010000111010011010111000011110111001010101001110011100111010110011001110101110100
10010110101010100000001100001011011011010000010111111010001101110000011111100101011110100110110100111101101110000010010000001101111100000000000011100000110011111011010001100001101001011001100010001111
10110011000001100101100110101000111111100101011100111100111101011111100110100001101100010001001001010100011110101011011111101111111010110011101001111011000000101000100101101110100000100111101011000111
01101111111100101001001110100101111101110011110111000010110111000111000101111000111101000111110110011010101111000101111001011010000000101110010100010110010111110100011100000011111101100101001101010100
00111101011111100110101011011010011100100111110101000110111001011111010101000100111000110111001101001001100011111101001001100111011010000000110001101001110001101101101100110011111011001001110110111101
11001100111101010100100010000101111011000100000010000100001010110010110011111100111110100011110010111111100000100011001101100000011000111101000110101010110010010110110110010011010111101000111100001111
10011111011010000001001001000110010110010010010110111110100110001101101110111110111000101010011101000111010001100100111100011111001101010111101100001111010001010111011101100000111011010110100101000110
00010101010001001011101110011111110010000100110110111111010010101100110010001011110110110001000100001100001110110100010001010100100011110010101011000011110010000101110101001110001010011001000111101110
00011101000111011101101000101011010011100100101010010010011100010100111011000010111010101010100001001111110011001101100110001001001111100110101111101101110111101001000001100100111001010110010100000001
11111010111011100111100000110010011001111011100010011100010011100111101001101101111011001100110000101110010000000000000110110101011111111111011100010000100000001000001100100001111000111011010000001110
10011001101111011010011011111010100010010011001101001101101001101011010000100000000100011111100100000000011111100101000001111001001100111110110001000111110110001011100110110111100110001000011111110110
10011000101010001011100010100110101010111101000001100010110001000100000001101000100100010111101000010011000101000101011011000100110001110101001001110001110100000101001101100001111101101111100110010101
01011011010000100100010110100110011101110110111100101010111010111001101100001001110000101011011011100001111101100001001100000111111011101000101011110011010011000100111100111001101011101000111000000100
11111001101001101000010011110001000000101100001101100011101001101011010011101011010101100001110110100111000001000111001011100101010101011011000110001010101110110001111111000010001001000000101100100101
01110101110101111011101110100111111000110110111111001000000110101111011101110111010011001001111001010011010001000010001000100001111000011011011100011101101110110001110000110010011101111110000110011000
10100110000101111110100000000001110111011000101101110011011111001011010010110011011101100110010111011110111010011110011100000100000001100101100011111010010010000000010110001000001010001100010100000100
00001011000110100000110101001011100001001100000010111000001101011101111011110110101000010000010001011110101000110001110110001111010010000110110011001110010101011000011000010111100100101000010000000110
00010100110100010000011010000000001110010011100010110111101110000101110110100100011000011110001100101011101011010100100010000011011010010000001111100011010011011111000110111011110010111000000100100101
00101001110111010001001010011010011110100001111010000001010001011101101010010101110000110001011010001011000100110000010001110000100010111010100110110100001111011001101001011110100111000010110011110111
11011011100000010000011110011101110000000101000101101100101001111010011111011001111101011011110101101101101111011101111001101111010110110101001110010010010100000111000100100010100110110011110111010010
01110110100111101000000111100000110011110111010001000001011000001001101111101001111111100110011111001011100101101101011011100010010010101001110110101111010011010011001000100111101111000001111000010101
00100101010011010010001110111010110100010011000000001110100100101000100011011011111010110111101100000101010011000000110101000011010000100111000110000000100101000001010110011000011111110011111101000100
00110000110111011101000111111111111100010010001010100100011101010010100010001010100000101101001100101100001111011010101001110000111010110101100001001000101011011101100011010110110110101111001101100000
10111000101111001101100110010000110111001101000100001101010101101011000010011010010011111101000110010111000101111101011100111010100101011000100000000111001011110110001100011001010111001010010010011101
01111001110100001100110011011010111001000010111011110011110100100011010110011101011010001110110010011001111000111110001111000101001011100010101000001101111110100000111011011000000000111101001010001101
01001111000111000001000000000110000110001010000101110011010100101011001101100111011011000100111011100000110110100111110100001011101111001101000010001100110011110101001010110101001101000110001000101100
01110000111010111100000101000100110011000000011010010001010001100001100000111000110001100010001111000000111100110101010001100011000001101010000010011110001110101111011110011100000011111111010111011100
10010110000101100111001110101111110111011111010101111000011000000101111011110010000100000111000100000010000010110101001101111110111101011011010000011101111001111111110010111100111011000111110011110101
11000011000100001011001011111101100100101001111000110011000100011011110010000101111100100010001010110111110100110110110010000111110100010101000000111100011010101101101100101010110011110010011011000010
11011110010100111110011010011100000111110000111111011011100100101100001000110101011011011101000100110111011110001010100011010101101000010000101000100110100010100101000000011001010010001111100000110001
11011000010110000011000011111010111000011000001010000111101110001001001000101001011100110011100001010100011010011011010111111110101000110010110111001010000011011001101000111111010001110100001000010100
00010111110110100100000011001011110111000010100100011011100001110111000010111110001100100101000100001001011000100000100000111110100110010110100100011011010110110100010000110111010111100101010010010111
00100000101010010001100011000011111111001111010110000011110010111101110011001111100100000110000011101001101101010100010101110000110011101001011100100011100011001110110011000111101111000011101100100101
10110111111011110010011110010000010001010011010111110100001111110001010100101110000111001111110000000111011110101111010111010110100010001111000000010000000001001100100110011001100100110011000000111001
11001000100001110101101100111110011010100010110001100100100011101000111010000111011010100000101111000001001100100000101110101001001010101110000100110010101111101011001000010100110010111110011000110000
10100001011111001100000110101110011011001100100010110110101000111101000000110100011011110100100100100010011001011011011001101001111000011001101001101101011010101110100110101101011100100000011000111100
00001010111010010011010010001110100000010000001010010011111000000111101110110111011111001001000101010101110111110000011100100100111011100010101100001000011110010110101000011010010101000001000010000001
11010010011111001100011101111010110100011110100110010101111100110100101001111001001110110011010011001011001101110110110001101010110111101101011011111111001010000011111110100101110010001001101100111000
10110010011010010101000001011011001100100001100110100111100111111110101110001101010101000100011110001101010001011110100100000100001010111100101000000110010101101000110010001111111001010100001110010111
01010111101111111011000111011100101000110110110000010100101110111111100011001001011110000101001011001100101111000101110011000000100110000001000001011000011001110111100111010111100110000101010001101100
01101010001110101001110100111101110000111110110011001001011011100101111010100010101010010010010010001111001010001001001011110110011010101110100010001010010010110111101101100100110110101000111011010111
10101010101011010100101110110111100011010111101101010110111000010100100101011100000000110111010011101100100101011010101001001111101111001001011101011010101011100011011001101111010111110111000110011101
11001010100000001010100111001110011001010100100000100110001010011001000100001110111010001011111010111100001111010000000111011101100100011011111100110010000111010100001111101101110001000111100100010100
11101111001000111110101010111101101111000101101011000111010011101001010011100001111100000110100110101100010010011100000101100001001000110011101010001100111000000100110010111010110111011011110000011111
00111101000111111101111000100100100011010000011011100001010100010010001000101101001111100111111011001100101011100110101000100001000000011000111100111011010000100000000101000010101101000001100110001110
00000110001010100101110100000100111100011101100101100000000000001000000000000100010100100111011011101110100111011000111001111101010101010100001101010101100111110001110000101001110110000010100010101101
11110000001000000011000000001110101011101100110001010111000111000010100110100011011010010000111010111101011011100010100100111000010000111011011011110100111000001011100101110010100010001101011000100010
10001000000001111011111110110011010110011110111010101101010111010001000110101111011000110100110111110010111001001010001100100111000101101100111000101110101000010000001011001011110000101101001011110111
01101010111001000110001011100110011010010110001110101010111110010001000011100010111001111010111100001111101100011100101100010000100110110110111101010010110010101100100111001110001000011010111110010001
00100111011101101000101100001111110101000011100101111100101100000001110010001000101111000111010010010000111001101011000100111101101001000001011100001010010101110011000110011100000110110001000100100101
01000111101010110111111011111110101100111010011110110000001010001001011011101000001001111010110001110110111111110010100100111010010111110111001111011100001011011100011100010111100011110100011111011001
10101011110001011110010110100000001011100101000101100101111101000111000000111111011001010011010101000011110101111110011010101101101001110010011111010100011011100101111101010100010011100011011100110100
10011000111111010010011001110110100000001100011010011100011011011011001100111110110010011101101111011100110011110101010010001000010111101100010000001000010000101011001011001111110011111010001111001011
11111000001000110011011000000110001111010001101010101100100101101101100100110101111010001111101011110110010101101000000100100100011001011001001001011011111010011000110110111011111011100010101001110100
0111010001100100111100011111001101010111101100001111010001010111011101100000111011010110