01101001010100000101101100110010000110011010011110011111111010111000110101010100
01000111100011010100010111101001000001000010101111001010000001100101011010001100100011111110001010000001011010110000001111011101111110000110010001011001101101101000100001111101011101100100110010111100
00001001011001001111111000000100110000101100010000001000001001101001000110010100011000010100011000101000000111100011011110111111110001100011111011101011111101001110101111000001111100111101000111111101
11100010010010001101000001101110000101010001001000100010110100111110011111101100110010101110011010100010000100000001100011110011101101000010000000010100001010110100000110011000111000000110001010100101
11010000010011110001110110010110000000000000100000000000010001010010011101101110111010011101100011100111110101010101010000110101010110011111000111000010100111011000001010001010110111110000001000000011
00000000111010101110110001000010101110100110001101101111001100010110101011010111110010111101100111100011011010001001111100010111100001010010111101101001101101001100111010011001001111001100001010110101
11010111000110001100011111010111110000100100001000100101010110011001000011001101001101011010111100110010011100010110110011100010111010100001000000101100101111000010110100101111011101101010111001000110
00101110011001101001011000111010101011111001000100001110001011100111101011110000111110110001110010110001000010011011011011110101001011001010110010011100111000100001101011111001000100100111011101101000
10110000111111010100001110010111110010110000000111001000100010111100011101001001000011100110101100010011110110100100000101110000101001010111001100011001110010001111111101111101000001100100011110000010
00001000001110111000110101000010001100001100001100111100111110001100010101100010101100010101000011111001000000000000000000011011001111110011011111100110100111010100101010111111001001100000111110010010
10001111101100011001110101001101000001001101101111111101001111100101101111010000001111001110000001000011010001100101010100101001101010000111010011010111000011110111001010101001110011100111010110011001
11010111010010010110101010100000001100001011011011010000010111111010001101110000011111100101011110100110110100111101101110000010010000001101111100000000000011100000110011111011010001100001101001011001
10001000111110110011000001100101100110101000111111100101011100111100111100001111010001011010010100100000000110100010000101010111100101010111110111011011010110010101101010010110010010011111011000111011
01011100000110110101110110011110000111011010111110110011011011001011111001000001001000111100110100001001111001001101011101101000110100000101001010010111000000100110010111110100011100000011111101100101
00110101010000111101011111100110101011011010011100100111110101000110111001011111010101000100111000110111001101001001100011111101001001100111011010000000110001101001110001101101101100110011111011001001
11011011110111001100111101010100100010000101111011000100000010000100001010110010110011111100111110100011110010111111100000100011001101100000011000111101000110101010110010010110110110010011010111101000
11111010111101100101001101100010001100001011100011100001001011111101111011000110011101011111011100010101000100101001100000010000111100001101101110001011111100000111001000001011101110110010111111000001
11101000101100101010000010101101111111100111010001101000111011011111000001010100110011100111110110110001000100001100001110110100010001010100100011110010101011000011110010000101110101001110001010011001
00011110111000011101000111011101101000101011010011100100101010010010011100010100111011000010111010101010100001001111110011001101100110001001001111100110101111101101110111101001000001100100111001010110
01010000000111111010111011100111100000110010011001111011100010011100010011100111101001101101111011001100110000101110010000000000000110110000101101111111100100000010010010001100101100110000111100111101
00100000111101100110110111000101000111111101111011001001100110100110111100111111101000110000101010001111111010101000000111011010100000111100100100111111110010000011011001101111110001011001111001101110
10010101100111000100011100011101101110110001110000110010011101111110000110011000101001100001011111101000000000011101110110001011011100110111110010110100101100110111011001100101110111101110100111100111
00000100000001100101100011111010010010000000010110001000001010001100010100000100000010110001101000001101010010111000010011000000101110000011010111011110111101101010000100000100010111101010001100011101
10001111010010000110110011001110010101011000011000010111100100101000000010000011100010000110101010000011111000001011010010011110010110011111111010100110011100000001001001110011101111010101010010000100
01100001101111101010101111110011001001001111100001111101111011010100001000011010101111101110110010000011110011110011110110000101010000000010100001100111111001011100001100010110100010110001001100000100
01110000100010111010100110110100001111011001101001011110100111000010110011110111110110111000000100000111100111011100000001010001011011001010011110100111110110011111010110111101011011011011110111011110
01101111010110110101001110010010010100000111000100100010100110110011110111010010011101101001111010000001111000001100111101110100010000010110000010011011111010011111111001100111110010111001011011010110
11010001100001111100111001110101100001000001001100110011010101101010011100001010101100001000110000111001011101010110000010111000000001010110100101100100011011010111110110111111001000100010110000100100
00100001101000010011101011100010010000100000101001000110100101010011110110101010000100101101110111010001111111111111000100100010101001000111010100101000100010101000001011010011001011000011110110101010
01110000111010110101100001001000101011011101100011010110110110101111001101100000101110001011110011011001100100001101110011010001000011010101011010110000100110100100111111010001100101110001011111010111
00111010100101011000100000000111001011110110001100011001010111001010010010011101011110011101000011001100110110101110010000101110111110010100100100010010111001001011110011110110010001001111001111010011
11000010101101011011110110100100011101110000111101100110000000011100001101000100000011110010110000101010001000011010110011010000101110010010100101011011001100010001011010000111111100100100111110110110
10101101110101100100000010001100110011110101001010110101001101000110001000101100011100001110101111000001010001001100110000000110100100010100011000011000001110001100011000100011110000001111001101010100
01100011000001101010000010011110001110101111011110011100000011111111010111011100100101100001011001110011101011111101110111110101011110000110000001011110111100100001000001110001000000100000101101010011
01111110111101011011010000011101111001111111110010111100111011000011111001010010111000111010100001011001110101100110100101101101001110011010000011010100010000001111101100010001110110110100000100111110
01000001111010001010001010010110000101011100011100010101011011110011101101000011011011011010100111011001110011000000111100001111111001010110001111001011001101010110110111010001001101110111100010101000
11010101101000010000101000100110100010100101000000011001010010001111100000110001110110000101100000110000111110101110000110000010100001111011100010010010001010010111001100111000010101000110100110110101
11111110101000110010110111001010000011011001101000111111010001110100001000010100000101111101101001000000110010111101110000101001000110111000011101110000101111100011001001010001000010010110001000001110
10011111111011000011011000000111000011111010001000010011100001110010001001100011100100001111111000000100010000111111111001111000110000011110111101101110010001111100100000011010011101000101100010100000
10011000010011111100101100111001110001101101011011100001111111100011011100011000010101111110111100100111100100000100010100110101111101000011111100010101001011100001110011111100000001110111101011110101
11010110100010001111000000010000000001001100100110011001100100110011000000111001110010001000011101011011001111100110101000101100011001001000111010001110100001110110101000001011110000010011001000001011
10101001001010101110000100110010101111101011001000010100110010111110011000110000101000010111110011000001101011100110110011001000010100111101001101101000001100100011111100101100100100111011101011011011
10010110111100000100010100110110000111010111111011011110101100010010100100111110100011011111011000011000010011010110001010101001111010110101100010010111111100010011010011001000100010001110011110000011
00110000111101110010101100001000011110010110101000011010010101000001000010000001110100100111110011000111011110101101000111101001100101011111001101001010011110010011101100110100110010110011011101101100
01101010110111101101011011111111001010000011111110100101110010001001101100111000101100100110100101010000010110110011001000011001101001111001111111101011100011010101010001000111100011010100010111101001
00000100001010111100101000000110010101101000110010001111111000101000000101101011000000111101110111111000011001000101100110110110100010000111110101110110010011001011110000001001011001001111111000000100
11000010110001000000100000100110100100011001010001100001010001100010100000011110001101111011111111000110001111101110101111110100111001001001110110001110101000101010100100100100100011110010100010010010
11110110011010101110100010001010010010110111101101100100110110101000111011010111101010101010110101001011101101111000110101111011010101101110000101001001010111000000001101110100111011001001010110101010
01001111101111001001011101011010101011100011011001101111010111110111000110011101110010101000000010101001110011100110010101001000001001100010100110010001000011101110100010111110101111000011110110101000
01100110111010101111011110110011001011101000000101111100110000101001011000101010010111010011101101011111010111001101011010001111110010010000011101000010010110100101100010111110011111101010011001001010
10011000100110010001011101000110111100101010110001111101110011000111110010001111001111010001111111011110001001001000110100000110111000010101000100100010001011010011111001111110110011001010111001101010
00100001000000011000111100111011010000100000000101000010101101000001100110001110000001100010101001011101000001001111000111011001011000000000000010000000000001000101001001110110111011101001110110001110
01111101010101010100001101010101100111110001110000101001110110000010100010101101111100000010000000110000000011101010111011000100001010111010011000110110111100110001011010101101011111001011110110011110
00110110100010011111000101111000010100101111011010011011010011001110100110010011110011000010101101011101011100011000110001111101011111000010010000100010010101011001100100001100110100110101101011110011
10010011101001101100111000101110101000010000001011001011110000101101001011110111011010101110010001100010111001100110100101100011101010101111100100010000111000101110011110101111000011111011000111001011
00010000100110110110111101010010110010101100100111001110001000011010111110010001001001110111011010001011000011111101010000111001011111001011000000011100100010001011110001110100100100001110011010110001
00111101101001000001011100001010010101110011000110011100100011111111011111010000011001000111100000100000100000111011100011010100001000110000110000110011110011111000110001010110001010110001010100001111
10010000000000000000000110110011111100110111111001101001110101001010101111110010011000001111100100101000111110110001100111010100011000001010011010111111110100111110010110111101000000111100111000000100
0011010001100101010100101001101010000111010011010111000011110111001010101001110011100111010110011001110101110100100101101010101000000011000010110110110100000101111110100011011100000111