110011110111110110111000000100000111100111011100000001010001011011001010011110100111110110011111
01011011110101101101101111011101111001101111010110110101001110010010010100000111000100100010100110110011110111010010011101101001111010000001111000001100111101110100010000010110000010011011111010011111
11100110011111001011100101101101011011010001100001111100111001110101100001000001001100110011010101101010011100001010101100001000110000111001011101010110000010111000000001010110100101100100011011010111
11011011111100100010001011000010010000100001101000010011101011100010010000100000101001000110100101010011110110101010000100101110110001100010110101010111001000110001110110100001000000110100011001111100
00111110001100011110100101101101010101110000111010110101100001001000101011011101100011010110110110101111001101100000101110001011110011011001100100001101110011010001000011010101011010110000100110100100
11111101000110010111000101111101011100111010100101011000100000000111001011110110001100011001010111001010010010011101011110011101000011001100110110101110010000101110111110010100100100010010111001001011
11001111011001000100111100111101001111000010101101011011110110100100011101110000111101100110000000011100001101000100000011110010110000101010001000011010110011010000101110010010100101011011001100010001
01101000011111110010010011111011011010101101110101100100101011101110011011111010101101110000000100001001101110110100000100000101010101001010001000001100011010100001010000010100011000011000001110001100
01100010001111000000111100110101010001100011000001101010000010011110001110101111011110011100000011111111010111011100100101100001011001110011101011111101110111110101011110000110000001011110111100100001
00000111000100000010000010110101001101111110111101011011010000011101111001111111110010111100111011000011111001010010111000111010100001011001110101100110100101101101001110011010000011010100010000001111
10110001000111011011010000010011111001000001111010001010001010010110000101011100011100010101011011110011101101000011011011011010100111011001110011000000111100001111111001010110001111001011000100001001
11001110101000010011101101101101110001000000110110100000110100111001011011011000100010000100100001101111100000110001110110000101100000110000111110101110000110000010100001111011100010010010001010010111
00110011100001010100011010011011010111111110101000110010110111001010000011011001101000111111010001110100001000010100000101111101101001000000110010111101110000101001000110111000011101110000101111100011
00100101000100001001011000100000111010011111111011000011011000000111000011111010001000010011100001110010001001100011100100001111111000000100010000111111111001111000110000011110111101101110010001111100
10000001101001110100010110001010000010011000010011111100101100111001110001101101011011100001111111100011011100011000010100111111110110111011011000101010101000010000010110101011010100100000000101011000
01000101111000000011001111010101010111010110100010001111000000010000000001001100100110011001100100110011000000111001110010001000011101011011001111100110101000101100011001001000111010001110100001110110
10100000101111000001001100100000101110101001001010101110000100110010101111101011001000010100110010111110011000110000101000010111110011000001101011100110110011001000010100111101001101101000001100100011
11110010110010010011101110101101101110010110111100000100010100110110000111010111111011011110101100010010100100111110100011011111011000011000010011010110001010101001111010110101100010010111111100010011
01001100100010001000111001111000001100110000111101111011110110100100101101100001110110100111101010101000001011100010111000011001011011001011100101011110101001011110100101011111001101001010011110010011
10110011010011001011001101110110110001101010110111101101011011111111001010000011111110100101110010001001101100111000101100100110100101010000010110110011001000011001101001111001111111101011100011010101
01000100011110001101010001011110100100000100001010111100101000000110010101101000110010001111111000101000000101101011000000111101110111111000011001000101100110110110100010000111110101110110010011001011
11000000100101100100111111100000010011000010110001000000100000100110100100011001010001100001010001100010100000011110001101111011111111000110001111101110101111110100111001001001110110000101011100010101
11100011100001000111000111101100001101010001001111110101111011001101101011110001111100111000011010101000111011010111101010101010110101001011101101111000110101111011010101101110000101001001010111000000
00110111010011101100100101011010101001001111101111001001011101011010101011100011011001101111010111110111000110011101110010101000000010101001110011100110010101001000001001100010100110010001000011101110
10001011111010111100001111011010100001100110111010101111011110110011001011101000000101111100110000101001011000101010010111010011101101011111010111001101011010001111110010010000011101000010010110100101
10001011111001111110101001100100101010011000100110010001011101000110111100101010110001111101110011000111110010001111100101000000010101100101100100001110010000000011010110101000100000011001000101000001
11010011111101101100110111110110101000100001000000011000111100111011010000100000000101000010101101000001100110001110000001100010101001011101000001001111000111011001011000000000000010000000000001000101
00100111011011101110100111011000111001111101010101010100001101010101100111110001110000101001110110000010100010101101111100000010000000110000000011101010111011000100001010111010011000110110111100110001
01101010110101111100101111011001111000110110100010011111000101111000010100101111011010011011010011001110100110010011110011000010101101011101011100011000110001111101011111000010010000100010010101011001
10010000110011010011010110101111001110010011101000111110011110111111110100001000000111100101110010010110101101110001000101011111001010011011110110011001010010010011101010101111100100010000111000101110
01111010111100001111101100011100101100010000100110110110111101010010110010101100100111001110001000011010111110010001001001110111011010001011000011111101010000111001011111001011000000011100100010001011
11000111010010010000111001101011000100111101101001000001011100001010010101110011000110011100100011111111011111010000011001000111100000100000100000111011100011010100001000110000110000110011110011111000
11000101011000101011000101010000111110010000000000000000000110110011111100110111111001101001110101001010101111110010011000001111100100101000111110110001100111010100011000001010011011011101110000011101
00000111010000001001011011010000101000011010101110000000100111001101010010011000110000111000111101110010101010011100111001110101100110011101011101001001011010101010000000110000101101101101000001011111
10100011011100000111111001010111101001101101001111011011100000100100000011011111000000000000111000001100111110110100011000011010010110011000100011111011001100000110010110011010100011111110010101110011
11001111000011110100010110100101001000000001101000100001010101111001010101111101110110110101100101011010100101100100100111110110001110110101110000011011010111011001111000011101101011111011001101101100
10111110010000010010001111001101000010011110010011010111011010001101000001010010100101110000001010110000110110100011101010110111100110100011101000000011110010010101100101111100110110111011000101100000
00011111100011111010000001001110001101110011010010011000111111010010011001110110100000001100011010011100011011011011001100111110110010011101101111011100110011110101010010001000010111101100010000001000
01000010101100101100111111001111101000111100101111111000001000110011011000000110001111010001101010101100100101101101100100110101111010001111101011110110010100110110001000110000101110001110000100101111
11011110110001100111010111110111000101010001001010011000000100001111000011011011100010111111000001110010000010111011101100101111110000011110100010110010101000001010110111111110011101000110100011101101
11110000010101001100111001111100111110101000101001000011111110001010001010101100011110111111110010010100111000001110000011111011110011001000111111111010110000011101110110100010101101001110010010101001
00100111000101001110110000101110101010101000010011111100110011011001100010010011111001101011111011011101111010010000011001001110010101100101000000011111101011101110011110000011001001100111101110001001
11000100111001111010011011011110110011001100001011100100000000000001101100001011011111111001000000100100100011001011001100001111001111010010000011110110011011011100010100011111110111101100100110011010
01101111001111111010001100001010100011111110101010000001110110101000001111001001001111111100100000110110011011111100010110011110011011101001010110011100010001111110011101100111000111010111011010001001
10111100000010100000000111000110100000011111101010011000000000100011011010001100001110100010011100011101000001010011011000011111011011111001100101010101101101000010010001011010011001110111011011110010
10101110101110011011000010011100001010110110111000011111011000010011000001111110111010001010111100110100110001001111001110011010111010001110000001001111100110100110100001001111000100000010110000110110
00111111101111111010111101110000000100000100011100010010100000110011110100001000001001110010111001011101111100000101011000110011100010100101100100101001000001000011011111110111000101011011100111110100
11100010011101111001100110011010111001000111001000111010001000010001101110101101001001010001000001100101010110000100001110110001100101011000110011000101100100000011011111100000001001100110110011111001
10011001110011111010101100110111011001100101110111101110100111100111000001000000011001011000111110100100100000000101100010000010100011000101000001000000101100011010000011010100101110000100110000001011
10000011010111011110111101101010000100000100010111101010001100011101100011110100100001101100110011100101010110000110000101111001001010000000100000111000100001101010100000111110000010110100100111100101
10011111111010100110011100000001001001110011101111010101010010000100011000011011111010101011111100110010010011111000011111011110110101000010000110101011111011101100100000111100111100111101100001010100
00000010100001100111111000101110001100100011110001110000101110101000001100100100010111010110111110000001010001101111101001010110111000111110110100111100101110000001000001111001110111000000010100010110
11001010011110100111110110011111010110111101011011011011110111011110011011110101101101010011100100100101000001110001001000101001101100111101110100100111011010011110100000011110000011001111011101000100
00010110000010011011111010011111111001100111110010111001011011010110110100011000011111001110011101011000010000010011001100110101011010100111000010101011000010001100001110010111010101100000101110000000
01010110100101100100011011010111110110111111001000100010110000100100001000011010000100111010111000100100001000001010010001101001010100111101101010100001001011101100011000101101010101110010001100011101
10100001000000110100011001111100001111100011000111101001011011010101100110101111111101011000010010001010110111011000110101101101101011110011011000001011100010111100110110011001000011011100110100010000
11010101011010110000100110100100111111010001100101110001011111010111001110101001010110001000000001110010111101100011000110010101110010100100100111010111100111010000110011001101101011100100001011101111
10010100100100010010111001001011110011110110010001001111001111010011110000101011010110111101101001000111011100001111011001100000000111000011010001000000111100101100001010100010000110101100110100001011
100100101001010110110011000100010110100001111111001001001111101101101010110111010110010010101110111001101111101010110111000000010000100110111011010000010000010101010100