1110110011000111101111000011101100100101
10110111111011110010011110010000010001010011010111110100001111110001010100101110000111001111110000000111011110101111010111010110100010001111000000010000000001001100100110011001100100110011000000111001
11001000100001110101101100111110011010100010110001100100100011101000111010000111011010100000101111000001001100100000101110101001001010101110000100110010101111101011001000010100110010111110011000110000
10100001011111001001001000011100110011001101010110110110101000111101000000110100011011110100100100100010011001011011011001101001111000011001101001101101011010101110100110101101011100100000011000111100
00001010111010010011010010001110100000010000001010010011111000000111101110110111011111001001000101010101110111110000011100100100111011100010101100001000011110010110101000011010010101000001000010000001
11010010011111001100011101111010110100011110100110010101111100110100101001111001001110110011010011001011001101110110110001101010110111101101011011111111001010000011111110100101110010001001101100111000
10110010011010010101000001011011001100100001100110100111100111111110101110001101010101000100011110001101010001011110100100000100001010111100101000001101111011010101110101001011110001010100001110010111
01010111101111111011000111011100101000110110110000010100101110111111100011001001011110000101001011001100101111000101110011000000100110000001000001011000011001110111100111010111100110000101010001101100
01101010001110101001110100111101110000111110110011001001011011100101111010100010101010010010010010001111001010001001001011110110011010101110100010001010010010110111101101100100110110101000111011010111
10101010101011010100101110110111100011010111101101010110111000010100100101011100000000110111010011101100100101011010101001001111101111001001011101011010101011100011011001101111010111110111000110011101
11001010100000001010100111001110011001010100100000100110001010011001000100001110100000010010100001111101011111100000000111011101100100011011111100110010000111010100001111101101110001000111100100010100
11101111001000111110101010111101101111000101101011000111010011101001010011100001111100000110100110101100010010011100000101100001001000110011101010001100111000000100110010111010110111011011110000011111
00111101000111111101111000100100100011010000011011100001010100010010001000101101001111100111111011001100101011100110101000100001000000011000111100111011010000100000000101000010101101000001100110001110
00000110001010100101110100000100111100011101100101100000000000001000000000000100010100100111011011101110100111011000111001111101010101010100001101010101100111110001110000101001110110000010100010101101
11110000001000000111000000011001000011001100110001010111000111000010100110100011011010010000111010111101011011100010100100111000010000111011011011110100111000001011100101110010100010001101011000100010
10001000000001111011111110110011010110011110111010101101010111010001000110101111011000110100110111110010111001001010001100100111000101101100111000101110101000010000001011001011110000101101001011110111
01101010111001000110001011100110011010010110001110101010111110010001000011100010111001111010111100001111101100011100101100010000100110110110111101010010110010101100100111001110001000011010111110010001
00100111011101101000101100001111110101000011100101111100101100000001110010001000101111000111010010010000111001101011000100111101101001000001011110100111110011110101111110011010000110110001000100100101
01000111101010110111111011111110101100111010011110110000001010001001011011101000001001111010110001110110111111110010100100111010010111110111001111011100001011011100011100010111100011110100011111011001
10101011110001011110010110100000001011100101000101100101111101000111000000111111011001010011010101000011110101111110011010101101101001110010011111010100011011100101111101010100010011100011011100110100
10011000111111010010011001110110100000001100011010011100011011011011001100111110110010011101101111011100110011110101010010001000010111101100010000001000010000101011001011001111110011111010001111001011
11111000001000110011011000000110001111010001101010101100100101101101100100111010100000001111000011111001111101101000000100100100011001011001001001011011111010011000110110111011111011100010101001110100
01110100011001001111000111110011010101111011000011110100010101110111011000001110110101101001010001100001010101000100101110111001111111001000010011011011111101001010110011001000101111011011000100010000
11000011101101000100010101001000111100101010110000111100100001011101010011100010100110010001111011100001110100011101110110100010101101001110010010101001001001110001010011101100001011101010101010000100
11111100110011011001100010010011111001101011111011011101111010010000011001001110010101100101000000011111101011101110011110000011001001100111101110001001110001001110011110100110110111101100110011000010
11100100010000010011001101010111111111110111000100001000000010000011001000011110001110110100000011101001100110111101101001101111101010001001001100110100110110100110101101000010000000010001111110010000
00000111111001010000011110010011001111101100010001111101100010111001101101111001100010000111111101101001100010101000101110001010011010101011110100000110001011000100010000000110100010010001011110100001
00110001010001010110110001001100011101010010011100011101000001010011011000011111011011111001100101010101101101000010010001011010011001110111011011110010101011101011100110110000100111000010101101101110
00011111011000010011000001111110111010001010111100110100110001001111001110011010111010001110000001001111100110100110100001001111000100000010100101101001011010100110101101001110101101010110000111011010
01110000010001110010111001010101010110110001100010101011101100011111110000100010010000001011001001010111010111010111101110111010011111100011011011111100100000011010111101110111011101001100100111100101
00110100010000100010001000011110000110110111000111011011101100011100001100100111011111100001100110001010011000010111111010000000000111011101100010110111001101111100101101001011001101110110011001011101
11101110100111100111000001000000011001011000111110100100100000000101100010000010100011000101000001000000101100011010000011010100101110000100110000001011100000110101110111101111011010100001000001000101
11101010001100011101100011110100100001101100110011100101010110000110000111100011010000010100000001100001010011010001000001101000000000111001001110001011011110111000010111011010010001100001111000110010
10111010110101001000100000110110100100000011111000110100110111110001101110111100101110000001001001010010100111011101000100101001101001111010000111101000000101000101110110101001010111000011000101101000
10110001001100000100011100001000101110101001101101000011110110011010010111101001110000101100111101111101101110000001000001111001110111000000010100010110110010100111101001111101100111110101101111010110
11011011110111011110011011110101101101010011100100100101000001110001001000101001101100111101110100100111011010011110100000011110000011001111011101000100000101100000100110111110100111111110011001111100
10111101010011011110001111010010001101011001110101101000111011001001100111100011111000111100010100101110001010100000110111111010000011101101100000000011110100101000110101001111000111000001000000000110
00011000101000010111001101010010101100110110011101101100010011101110000011011010011111010000101110111100110100001000110011001111010100101011010100110100011000100010110001110000111010111100000101000100
11001100000001101001000101000110000110000011100011000110001000111100000011110011010101000110001100000110101000001001111000111010111101111001110000001111111101011101110010010110000101100111001110101111
11011101111101010111100001100000010111101111001000010000011100010000001000001011010100110111111011110101101101000001110111100111111111000110100110011000011111001111010111000011000100001011001011111101
10010010100111100011001100010001101111001000010111110010001000101011011111010011011011001000011111010001010100000011110001101010110110110010101011001111001001101100001011011110010100111110011010011100
00011111000011111101101110010010110000100011010101101101110100010011011101111000101010001101010110100001000010100010011010001010010100000001100101001000111110000011000111011000010110000011000011111010
11100001100000101000011110111000100100100010100101110011001110000101010001101001101101011111111010100011001011011100101000001101100110100011111101000111010000100001010000010111110110100100000011001011
11011100001010010001101110000111011100001011111000110010010100010000001111000100010010000011111010011001011010010001101101011011010001000011011101011110010101001001011100100000101010010001100011000011
11111100111101011000001111001011110111001100111110010000011000001110100110110101010001010111000011001110100101110010001110001100111011001100011110111100001110110010010110110111111011110010011110010000
01000101001101011111010000111111000101010010111000011100111111000000011101111010111101011101011010001000111100000001000000000100110010011001100110010011001100000011100111001000100001110101101100111110
01101010001011000110010010001110100011101000011101101010000010111100000100110010000010111010100100101010111000010011001010111110101100100001010011001011111001100011000010100001011111001100000110101110
11001100110101011011011010100011110100000011010001101111010010010010001001100101101101100110100111100001100110100110110101101010111010011010110101110010000001100011110000001010111010010011010010001110
10000001000000101001001111100000011110111011011101111100100100010101010111011111000001110010010011101110001010110000100001111001011010100001101001010100000100001000000111010010011111001100011101111010
11010001111010011001010111110011010010100111100100111011001101001100101100110111011011000110101011011110110101101111111100101000001111111010010111001000100110110011100010110010011010010101000001011011
00110010000110011010011110011111111010111000110101010100010001111000110101000101111010010000010000101011110010100000011001010110100011010100101111000101010000111001011101010111101111111011000111011100
10100011011011000001010010111011111110001100100101111000010100101100110010111100010111001100000010011000000100000101100001100111011110011101011110011000010101000110110001101010001110101001110100111101
11000011111011001100100101101110010111101010001010101001001001001000111100101000100100101111011001101010111010001000101001001011011110110110010011011010100011101101011110101010101011010100101110110111
10001101011110110101011011100001010010010101110000000011011101001110110010010101101010100100111110111100100101110101101010101110001101100110111101011111011100011001110111001010100000001010100111001110
01100101010010000010011000101001100100010000111011101000101111100111110101111110000000011101110110010001101111110011001000011101010000111110110111000100011110010001010011101111001000111110101010111101
10111100010110101100011101001110100101001110000111110000011010011010110001001001110000010110000100100011001110101000110011100000010011001011101011011101101111000001111100111101000111111101111000100100
10001101000001101110000101010001001000100010110100111110011111101100110010101110011010100010000100000001100011110011101101000010000000010100001010110100000110011000111000000110001010100101110100000100
11110001110110010110000000000000100000000000010001010010011101101110111010011101100011100111110101010101010000110101010110011111000111000010100111011000001010001010110111110000001000000011000000001001
00001100110011000101011100011100001010011010001101101001000011101011110101101110001010010011100001000011101101101111010011100000101110010111001010001000110101100010001010001000000001111011111110110011
010110011110111010101101