10100101100110001000111110110011000001100101100110101000111111100101011100111100111100001111010001011010010100100000000110100010000101010111100101010111110111011011010110010101101010010110010010011111
01100011101101011100000110110101110110011110000111011010111110110011011011001011111001000001001000111100110100001001111001001101011101101000110100000101001010010111000000101011000011011010001110101011
01111001101000111010000000111100100101011001011111001101101110110001011000000001111110001111101000001010111100010001001110001100111011110110001110111011100101101000010000010100011000010110110110110001
11111110010001101111010011101100111110100000110011100010111101100000000011000000101111110001010001011100010111011011011011011101011000100011001101100000011000111101000110101010110010010110110110010011
01011110100011111010111101100101001101100010001100001011100011100001001011111101111011000110011101011111011100010101000100101001100000010000111100001101101110001011111100000111001000001011101110110010
11111100000111101000101100101010000010101101111111100111010001101000111011011111000001010100110011100111110011111010100010100100001111111000101000101010110001111011111111001001010011100000111000001111
10111100110010001111111110101100100011000110111100111101001001011010111101001001101110000000010111001001011111011101111000100111011011001100011011100110101111011001111111111100010001011110100010011000
01010000100100000010000011011111110111110001011010010011101100011011100010011100010011100111101001101101111011001100110000101110010000000000000110110000101101111111100100000010010010001100101100110000
11110011110100100000111101100110110111000101000111111101111011001001100110100110111100111111101000110000101010001111111010101000000111011010100000111100100100111111110010000011011001101111110001011001
11100110111010010101100111000100011111100111011001110001110101110110100010011011110000001010000000011100011010000001111110101001100000000010001101101000110000111010001110111010010000000010100110011000
01010011010111100110100010001101000010010000000001011001101110011001111100110101011101111100110100101100111010111101001101011000110110011010100110100001011111110100110111011011000001100000110110111010
00110001110110001111010010000110110011001110010101011000011000010111100100101000000010000011100010000110101010000011111000001011010010011110010110011111111010100110011100000001001001110011101111010101
01001000010001100001101111101010101111110011001001001111100001111101111011010100001000011010101111101110110010000011110011110011110110000101010000000010100001100111111000101110001100100011110001110000
10111010100000110010010001011101011011111000000101000110111110100101011011100011111011010011110001110110101010001001111011101100100000101000101101001101000111011011010011100101100001010100101101000101
01000100110110110101100001010010001101000001101010000011000010011001010001110001011011101011100110111100010101100000110110101100111101110100010000010110000010011011111010011111111001100111110010111001
01101101011011010001100001111100111001110101100001000001001100110011010101101010011100001010101100001000110000111001011101010110000010111000000001010110100101100100011011010111110110111111001000100010
11000010010000100001101000010011101011100010010000100000101001000110100101010011110110101010000100101110110001100010110101010111001000110001110110100001000000110100011001111100001111100011000111101001
01101101010110011010111111110010010000100100111101101110110001001011011011011101000110110000111111100111111011100110111010001110011011101010100011001010101101111010011001110000111101001010011000010000
00110110001110111111010010101100011010000001001111010001100100011001010111001010010010011101011110011101000011001100110110101110010000101110111110010100100100010010111001001011110011110110010001001111
00111101001111000010101101011011110110100100011101110000111101100110000000011100001101000100000011110010110000101010001000011010110011010000101110010010100101011011001100010001011010000111111100100100
11111011011010101101110101100100101011101110011011111010101101110000000100001001101110110100000100000101010101001010001000001100011010100001010010100000100100101110000111000100000110111011010010101101
10110000101000111001000000110101001011001111001101110101101111001110001001011111101011000110010000110000100110111011011101111110011011111010101101100001001010100101010100011010000010111000001000100000
10110101001101111110111101011011010000011101111001111111110010111100111011000011111001010010111000111010100001011001110101100110100101101101001110011010000011010100010000001111101100010001110110110100
00010011111001000001111010001010001010010110000101011100011100010101011011110011101101000011011011011010100111011001110011000000111100001111111001010110001111001011000100001001110011101010000100111011
01101101110001000000110110100000110100111001011011011000100010000100100001100111110010010010010001100000110010010000011111010101101001101011110010010111010011000001000101101001001100011110101000101001
01001111101011111111110100111001011011001111001001001110111110111111101010110000100100001010100010110100011100001010011001011101110000101001000110111000011101110000101111100011001001010001000010010110
00100000111010011111111011000011011000000111000011111010001000010011100001110010001001100011100100001111111000000100010000111111111001111000110000011110111101101110010001111100100000011010011101000101
10001010000010011000010011111100101100111001110001101101011011100001111111100011011100011000010100111111110110111011011000101010101000010000010110101011010100100000000101011000010001011110000000110011
11010101101001000011011011100101101000000010000010100100110001100100010000011011001000010110010001000110101100100111000111111001110100110110101110101100010101100101111010010001010110100111010000101011
10011010110101010110100101111111101000011001010111010111001000010100110010111110011000110000101000010111110011000001101011100110110011001000010100111101001101101000001100100011111100101100100100111011
10101101101110010110111100000100010100110110000111010111111011011110101100010010100100111110100011011111011000011000010011010110001010101001111010110101100010010111111100010011010011001000100010001110
01111000001100110000111101111011110110100100101101100001110110100111101010101000001011100010111000011001011011001011100101011110101001011110111010101101000100001111000101100001010110011000011001110011
00110011011000010111011011010100000111111111001101101001110101010000110011001100010110010100110100011011110000000000001011010011001100000100011100010110010101011101011001100000001010000011100011010100
01011110100100000100001010111100101000000110010101101000110010001111111000101000000101101011000000111101110111111000011001000101100110110110100010000111110101110110010011001011110000001001011001001111
11100000010011000010110001000000100000100110100100011001010001100001010001100010100000011110001101111011111111000110001111101110101111110100111001001001110110000101011100010101111000111000010001110001
11101100001101010001001111110101111011001101101011110001111100111000011001111110111101101001010111110111011000100111110110010110011010111101100010010101101010001110100011101010000100010010111101001110
10000101011100100111010101100100100100101111010111110011001100010111001001011011001011101100011001011110101011011100111011100110010101001000001001100010100110010001000011101110100010111110101111000011
11011010100001100110111010101111011110110011001011101000000101111100110000101001011000101010010111010011101101011111010111001101011010001111110010010000011101000010010110100101100010111110011111101010
01100100101010011000100110010001011101000110111100101010110001111101110011000111110010001111100101000000010101100101100100001110010000000011010110101000100000011001000101000001110100111111011011001101
11110001010110011010101000000100010110111101001000111010000010101011011110101000110001101101001010111001010100101110100010001101001011100100000110001010001011000010101010100000000110010011110111011110
11101110111100110110101010000000000100000000011011010001110000101001110110000010100010101101111100000010000000110000000011101010111011000100001010111010011000110110111100110001011010101101011111001011
11011001111000110110100010011111000101111000010100101111011010011011010011001110100110010011110011000010101101011101011100011000110001111101011111000010010000100010010101011001100100001100110100110101
10101111001110010011101000111110011110111111110100001000000111100101110010010110101101110001000101011111001010011011110110011001010010011001010101010111010000100000111100110111100101010101001011010101
00101100011100100000110001011001010100001011111001011100111001101111001110000101010101000000000100011001101101001111100011011100001010110100100111101111101010101100011011101111011010110100100100001110
01101011000100111101101001000001011100001010010101110011000110011100100011111111011111010000011001000111100000100000100000111011100011010100001000110000110000110011110011111000110001010110001010110001
01010000111110010000000000000000000110110011111100110111111001101001110101001010101111110010011000001111100100101000111110110001100111010100011000001010011011011101110000011101000001110100000010010110
11010000101000011010101110000000100111001101010010011000110000111000011100010001111101100110010110010000110011100100101100001110001101111101001000110000011100111100101010100101110100011001001010011101
00000011010110110110001101001111111010010000001001001111101010000010011110101100011101010010100100000101001011001110000001100011110100011010101011001001011011011001001101011110100011111010111101100101
00110110001000110000101110001110000100101111110111101100011001110101111101110001010100010010100110000001000011110000110110111000101111110000011100100000101110111011001011111100000111101000101100101010
00001010110111111110011101000110100011101101111100000101010011001110011111001111101010001010010000111111100010100010101011000111101111111100100101001110000011100000111110111100110010001111111110101100
10001100011011110011110100100101101011110100100110111000000001011100100101111101110111100010011101101100110001101110011010111101100111111111110001000101111010001001100001010000100100000010000011011111
11011111000101101001001110110001010101100110110001001110011110100110110111101100110011000010111001000000000000011011000010110111111110010000001001001000110010110011000011110011110100100000111101100110
11011100010100011111110111101100100110011010011011110011111110100011000010101000111111101010100000011101101010000011110010010011111111001000001101100110111111000101100111100110111010010101100111000100
01111110011101100111000111010111011010001001101111000000101000000001110001101000000111111010100110000000001000110110100011000011101000111011101001000000001010011001100001010011010111100110100010001101
00001001000000000101100110111001100111110011010101110111110011010010110011101011110100110101100011011001101010011010000101111111010011011101101100000110000011011011011001010111110000010110000010011011
11101001111111100110011111001011100101101101011011010001100001111100111001110101100001000001001100110011010101101010011100001010101100001000110000111001011101010110000010111000000001010110100101100100
01101101011111011011111100100010001011000010010000100001101000010011101011100010010000100000101001000110100101010011110110101010000100101110110001100010110101010111001000110001110110100001000000110100
01100111110000111110001100011110100101101101010110011010111111110010010000100100111101101110110001001011011011011101000110110000111111100111111011100110111010001110011011101010100011001010101101111010
0110011100001111010010100110000100000011011000111011111101001010