10100010000011000110101000010100
10100000100100101000001110001100011000100011110000001111001101010100011000110000011010100000100111100011101011110111100111000000111111110101110111001001011000010110011100111010111111011101111101010111
10000110000001011110111100100001000001110001000000100000101101010011011111101111010110110100000111011110011111111100101111001110110000111110010100101110001110101000010110011101011001101001011011010011
10011010000011010100010000001111101100010001110110110100000100111110010000011110100010100010100101100001010111000111000101010110111100111011010000110110110110101001110110011100110000001111000011111110
01010110001111001011000100001001110011101010000100111011011011011100010000001101101000001101001110010110110110001000100001001000011001111100100100101101100001011000001100001111101011100001100000101000
01111011100010010010001010010111001100111000010101000110100110110101111111101010001100101101110010100000110110011010001111110100011101000010000101000001011111011010010000001100101111011100001010010001
10111000011101110000101111100011001001010001000010010110001000001110100111111110110000110110000001110000111110100010000100111000011100100010011000111001000011111110000001000100001111111110011110001100
00011110111101101110010001111100100000011010011101000101100010100000100110000100111111001011001110011100011011010110111000011111111000110111000110000101001111111101101110110110001010101010000100000101
10101011010100100000000101011000010001011110000000110011110101011010010000110110100011110000000100000000010011001001100110011001001100110000001110011100100010000111010110110011111001101010001011000110
01001000111010001110100001110110101000001011110000010011001000001011101010010010101011100001001100101011111010110010000101001100101111100110001100001010000101111100110000011010111001101100110010000101
00111101001101101000001100100011111100101100100100111011101011011011100101101111000001000101001101100001110101111110110111101011000100101001001111101000110111110110000110000100110101100010101010011110
10110101100010010111111100010011010011001000100010001110011110000011001100001111011110111101101001001011011000011101101001111010101010000010111000101110000110010110110010111001010111101010010111101110
10101101000101001010011110010011101100110100110010110011011101101100011010101101111011010110111111110010100000111111101001011100100010011011001110001011001001101001010100000101101100110010000110011010
01111001111111101011100011010101010001000111100011010100010111101001000001000010101111001010000001100101011010001100100011111110001010000001011010110000001111011101111110000110010001011001101101101000
10000111110101110110010011001011110000001001011001001111111000000100110000101100010000001000001001101001000110010100011000010100011000101000000111100011011110111111110001100011111011101011111101001110
01001001110110000101011100010101111000111000010001110001111011000011010100010011111101011110110011011010111100011111001110000110011111101111011001111010101010101101010010111011011110001101011110110101
01101110000101001001010111000000001101110100111011001001010110101010010011111011110010010111010110101010111000110110011011110101111101110001100111011100101010000000101010011100111001100101010010000010
01100010100110010001000011101110100010111110101111000011110110101000011001101110101011110111101100110010111010000001011111001100001010010110001010100101110100111011010111110101110011010110100011111100
10010000011101000010010110100101100010111110011111101010011001001010100110001001100100010111010001101111001010101100011111011100110001111100100011111001010000000101011001011001000011100100000000110101
10101000100000011001000101000001110100111111011011001101111100010101100110100000000110001111001110110100001000000001010000101011010000011001100011100000011000101010010111010000010011110001110110010110
00000000000010000000000001000101001001110110111011101001110110001110011111010101010101000011010101011001111100011100001010011101100000101000101011011111000000100000001100000000111010101110110001000010
10111010011000110110111100110001011010101101011111001011110110011110001101101000100111110001011110000101001011110110100110110100110011101001100100111100110000101011010111010111000110001100011111010111
11000010010000100010010101011001100100001100110100110101101011110011100100111010001111100111101111111101000010000001111001011100100101101011011100010001010111110010100110111101100110010100100110010101
01010111100100010000111000101110011110101111000011111011000111001011000100001001101101101111010100101100101011001001110011100010000110101111100100010010011101110110100010110000111111010100001110010111
11001011000000011100100010001011110001110100100100001110011010110001001111011010010000010111000010100101011100110001100111001000111111110111110100000110010001111000001000001000001110111000110101000010
00110000110000110011110011111000110001010110001010110001010100001111100100000000000000000001101100111111001101111110011010011101010010101011111100100110000011111001001010001111101100011001110101000110
00001010011011011101110000011101000001110100000010010110110100001010000110101011100000001001110011010100100110001100001110000111000100011111100111001110011101011001100111010111010010010110101010100000
00110000101101101101000001011111101000110111000001111110010101111010011011010011110110111000001001000000110111110000000000001110000011001111101101000110000110100101100110001000111110110011000001100101
10011010100011111110010101110011110011110000111101000101101001010010000000011010001000010101011110010101011111011101101101011001010110101001011001001001111101100011101101011100000110110101110110011110
00011101101011111011001101101100101111100100000100100011110011010000100111100100110101110110100011010000010100101001011100000010101100001101101000111010101101111001101000111010000000111100100101011001
01111100110110111011000101100000000111111000111110100000101011110001000100110100100110001111110100100110011101101000000011000110100111000110110110110011001111101100100111011011110111001100111101010100
10001000010111101100010000001000010000101011001011001111110011111010001111001011111110000010001100110110000001100011110100011010101011001001011011011001001101011110100011111010111101100101001101100010
00110000101110001110000100101111110111101100011001110101111101110001010100010010100110000001000011110000110110111000101111110000011100100000101110111011001011111100000111101000101100101010000010101101
11111110011101000110100011101101111100000101010011001110011111001111101010001010010000111111100010100010101011000111101111111100100101001110000011100000111110111100110010001111111110101100100011000110
11110010101101001110010010101001001001110001010011101100001011101010101010000100111111001100110110011000100100111110011010111110110111011110100100000110010011100101011001010000000111111010111011100111
10000011001001100111101110001001110001001110011110100110110111101100110011000010111001000000000000011011000010110111111110010000001001001000110010110011000011110011110100100000111101100110110111000101
00011111110111101100100110011010011011110011111110100011000010101000111111101010100000011101101010000011110010010011111111001000001101100110111111000101100111100110111010010101100111000100011111100111
01100111000111010111011010001001101111000000101000000001110001101000000111111010100110000000001000110110100011000011101000111011101001000000010100110110000111110110111110011001010101011011010000100100
01011010011001110111011011110010101011101011100110110000100111000010101101101110000111110110000100110000011111101110100010101111001101001100010011110011100110101110100011100000010011111001101001101000
01001111000100000010110000110110001111111011111110101111011100000001000001000111000100101000001100111101000010000010011100101110010111011111000001010110001100111000101001011001001010010000010000110111
11110111000101011011100111110100111000100111011110011001100110101110010001110010001110100010000100011011101011010010010100010000011001010101100001000011101100011001010110001100110001011001000000110111
11100000001001100110110011111001100110011100111110100101101100111011011001011101111011101001111001110000010000000110010110001111101001001000000001011000100000101000110001010000010000001011000110100000
11010100101110000100110000001011100000110101110111101111011010100001000001000101111010100011000111011000111101001000011011001100111001010101100001100001011110010010100000001000001110001000011010101000
00111110000010110100100111100101100111111110101001100111000000010010011100111011110101010100100001000110000110111110101010111111001100100100111110000111110111101101010000100001101010111110111011001000
00111100111100111101100001010100000000101000011001111110001011100011001000111100011100001011101010000011001001000101110101101111100000010100011011111010010101101110001111101101001111000111011010101000
01111001110111000000010100010110110010100111101001111101100111110101101111010110110110111101110111100110111101011011010100111001001001010000011100010010001010011011001111011101001001110110100111101000
00011110000011001111011101000100000101100000100110111110100111111110011001111100101110010110110101101101000110000111110011100111010110000100000100110011001101010110101001110000101010110000100011000011
10010111010101100000101110000000010101101001011001000110110101111101101111110010001000101100001001000010000110100001001110101110001001000010000010100100011010010101001111011010101000010010111011000110
00101101010101110010001100011101101000010000001101000110011111000011111000110001111010010110110101011001101011111111001001000010010010101101110110001101011011011010111100110110000010111000101111001101
10011001000011011100110100010000110101010110101100001001101001001111110100011001011100010111110101110011101010010101100010000000011100101111011000110001100101011100101001001001110101111001110100001100
11001101101011100100001011101111100101001001000100101110010010111100111101100100010011110011110100111100001010110101101111011010010001110111000011110110011000000001110000110100010000001111001011000010
10100010000110101100110100001011100100101001010110110011000100010110100001111111001001001111101101101010110111010110010010101110111001101111101010110111000000010000100110111011010000010000010101010100
10100010000011000110101000010100101000001001001011100001110001000110001000111100000011110011010101000110001100000110101000001001111000111010111101111001110000001111111101011101110010010110000101100111
00111010111111011101111101010111100001100000010111101111001000010000011100010000001000001011010100110111111011110101101101000001110111100111111111001011110011101100001111100101001011100011101010000101
10011101011001101001011011010011100110100000110101000100000011111011000100011101101101000001001111100100000111101000101000101001011000010101110001110001010101101111001110110100001101101101101010011101
10011100110000001111000011111110010101100011110010110001000010011100111010100001001110110110110111000100000011011010000011010011100101101101100010001000010010000110011111001001001001000110000011000011
00001111101011100001100000101000011110111000100100100010100101110011001110000101010001101001101101011111111010100011001011011100101000001101100110100011111101000111010000100001010000010111110110100100
00001100101111011100001010010001101110000111011100001011111000110010010100010000100101100010000011101001111111101100001101100000011100001111101000100001001110000111001000100110001110010000111111100000
01000100001111111110011110001100000111101111011011100100011111001000000110100111010001011000101000001001100001001111110010110011100111000110110101101110000111111110001101110001100001010011111111011011
10110110001010101010000100000101