001011100001110011111100000001110111101011110101110101101000100011110000000100000000010011001001
10011001100100110011000000111001110010001000011101011011001111100110101000101100011001001000111010001110100001110110101000001011110000010011001000001011101010010010101011010110011000000010100000110100
01101000100001111100100000100001010101101111100010010010000111001100110011010101101101101010001111010000001101000110111101001001001000100110010110110110011010011110000110011010011011010110101011101001
10101101011100100000011000111100000010101110100100110100100011101000000100000010100100111110000001111011101101110111110010010001010101011101111100000111001001001110111000101011000010000111100101101010
00011010010101000001000010000001110100100111110011000111011110101101000111101001100101011111001101001010011110010011101100110100110010110011011101101100011010101101111011010110111111110010100000111111
10100101110010001001101100111000101100100110100101010000010110110011001000011001101001111001111111100110010111101010110111001110010110111000101011000011000110010100011010000000010111011110110101011101
01001011110001010100001110010111010101111011111110110001110111001010001101101100000101001011101111111000110010010111100001010010110011001011110001011100110000001001100000010000010110000110011101111001
11010111100110000101010001101100011010100011101010011101001111011100001111101100110010010110111001011110101000101010100100100100100011110010100010010010111101100110101011101000100010100100101101111011
01100100110110101000111011010111101010101010110101001011101101111000110101111011010101101110000101001001010111000000001101110100111011001001010110101010010011111011110010010111010110101010111000110110
01101111010111110111000110011101100000000001000000000110110110001100101111000100010010010100011101100111000010011000000100101000011111010111111000000001110111011001000110111111001100100001110101000011
11101101110001000111100100010100111011110010001111101010101111011011110001011010110001110100111010010100111000011111000001101001101011000100100111000001011000010010001100111010100011001110000001001100
10111010110111011011110000011111001111010001111111011110001001001000110100000110111000010101000100100010001011010011111001111110110011001010111001101010001000010000000110001111001110110100001000000001
01000010101101000001100110001110000001100010101001011101000001001111000111011001011000000000000010000000000001000101001001110110111011101001110110001110011111010101101011000110111011110110101100101100
00000111101101010000000101001111101000000001000001110000000110010000110011001100010101110001110000101001101000110110100100001110101111010110111000101001001110000100001110110110111101001110000010111001
01110010100010001101011000100010100010000000011110111111101100110101100111101110101011010101110100010001101011110110001101001101111100101110010010100011001001110001011011001110001011101010000100000010
11001011110000101101001011110111011010101110010001100010111001100110100101100011101010101111100100010000111000101110011110101111000011111011000111001011000100001001101101101111010100101100101011001001
11001110001000011010111110010001001001110111011010001011000011111101010000111001011111001011000000101001000001010010110011101100011101011001100000110010011011110100110101111010000100011110111100100111
00101000010110101011101010100101100110001010000101000000000101100110010110101100000001110100100100100110110110110001110110101100000001110010111001001111001001000101010101010011001101101111011110101000
10010011111011000000011011110000110000011011011001000000101000110110001110101001110100000100110110111111110100111110010110111101000000111100111000000100001101000110010101010010100110101000011101001101
01110000111101110010101010011100111001110101100110011101011101001001011010101010000000110000101101101101000001011111101000110111000001111110010101111010011011010011110110111000001001000000110111110000
00000000111000001100111110111101110101100001101100110001000010110011011000001101111101100100000111101100101110100111110011110101111110011010000110110001000100100101010001111010101101111110111111101011
00111010011110110000001010001001011011101000001001111010110001110110111111110010100100111010010111110111001111011100001011011100011100010111100011110100011111011001101010111100010111100101101000000010
11100101000101100101111101000111000000111111011001010011010101000011110101111110011010101101101001110010011111010100011011100101111101010100010011100011011100110100100110001111110100100110011101101000
00001100011010011100011011011011001100111110110010011101101111011100110011110101010010001000010111101100010000001000010000101011001011001111110011111010001111000011101100010101011001101100000011010011
11110011010001011100011011001011011100101010100000001111000011111001111101101000000100100100011001011001001001011011111010011000110110111011111011100010101001110100011101000110010011110001111100110101
01111011000011110100010101110111011000001110110101101001010001100001010101000100101110111001111111001000010011011011111101001010110011001000101111011011000100010000110000111011010001000101010010001111
00101010110000111100100001011101010011100010100110010001111011100001110100011101110110100010101101001110010010101001001001110001010011101100001011101010101010000100111111001100110110011000100100111110
01101011111011011101111010010000011001001110010101100101000000011111101011101110011110000011100010100111011100011000010011000101100011100011010011000101100010100110000100001001011010010110101001101011
01001110101101010110000111011010011100000100011100101110010101010101101100011000101010111011000111111100001000100100000010110010010101110101110101111011101110100111111000110110111111001000000110101111
01110111011101001100100111100101001101000100001000100010000111100001101101110001110110111011000111000011001001110111111000011001100010100110000101111110100000000001110111011000101101110011011111001011
01001011001101110110011001011101111011101001111001110000010000000110010110001111101001001000000001011000100000101000110001010000010000001011000110100000110101001011100001001100000010111000001101011101
11101111011010100001000011011010110001010011001010100000101110000100110111011100110111111011000111000111111000110100000101000000011000010100110100010000011010000000001110010011100010110111101110000101
11011010010001100001111000110010101110101101010010001000001101101001000000111110001101001101111100011011101111001011100000010010010100101001110111010001001010011010011110100001111010000001010001011101
10101001010111000011000101101000101100010011000001000111000010001011101010011011010000111101100110100101111010011100001011001111011111011011100000010000011110011101110000000101000101101100101001111010
01111101100111110101101111010110110110111101110111100110111101011011010100111001001001010000011100010010001010011011001111011101001001110110100111101000000111010001100110101110100011000111100001000110
00111100011010101100110011101101011100101001111111011110001001001010100111011010111101001101001100100010011110111100000111100001010100100101010011010010001110111010110100010011000000001110100100101000
10001101101111101011011110110000010101001100000011010100001101000010011100011000000010010100000101011001100001111111001111110100010000110000110111011101000111111111111100010010001010100100011101010010
10001000101010000010110100110010110000111101101010100111000011101011010110000100100010101101110110001101011011011010111100110110000010111000101111001101100110010000110111001101000100001101010101101011
00001001101001001111110100011001011100010111110101110011101010010101100010000000011100101010011001010100010000111110001011111100101110110010110101111011100110101010100001101001100110000111110011110101
11000011000100001011001011111101100100101001111000110011000100011011110010000101111100100010001010110111110100110110110010000111110100010101000000111100011010101101101100101010110011110010011011000010
11011110010100111110011010011100000111110000111111011011100100101100001000110101011011011101000100110111011110001010100011010101101000010000101000100110100010100101000000011001010010001111100000110001
11011000010110000011000011111010111000011000001010000111101110001001001000101001011100110011100001010100011010011011010111111110101000110010110111001010000011011001101000111111010001110100001000010100
00010111110110100100010111010111101110000000011001110111000110111010010100101001011001001010011101010011110001000100100000111110100110010110100100011011010110110100010000110111010111100101010010010111
00100000101010010001100011000011111111001111010110000011110010111101110011001111100100000110000011101001101101010100010101110000110011101001011100100011100011001110110011000111101111000011101100100101
10110111111011110010011110010000010001010011010111110100001111110001010100101110000111001111110000000111011110101111010111010110100010001111000000010000000001001100100110011001100100110011000000111001
11001000100001110101101100111110011010100010110001100100100011101000111010000111011010100000101111000001001100100000101110101001001010101110000100110010001010000011010001101000100001111100100000100001
01010110111110001001001000011100110011001101010110110110101000111101000000110100011011110100100100100010011001011011011001101001111000011001101001101101011010101110100110101101011100100000011000111100
00001010111010010011010010001110100000010000001010010011111000000111101110110111011111001001000101010101110111110000011100100100111011100010101100001000011110010110101000011010010101000001000010000001
11010010011111001100011101111010110100011110100110010101111100110100101001111001001110110011010011001011001101110110110001101010110111101101011011111111001010000011111110100101110010001001101100111000
10110010011010010101000001011011001100100001100110100111100111111110101110001101010111011100111001011011100010101100001100011001010001101000000001011101111011010101110101001011110001010100001110010111
01010111101111111011000111011100101000110110110000010100101110111111100011001001011110000101001011001100101111000101110011000000100110000001000001011000011001110111100111010111100110000101010001101100
01101010001110101001110100111101110000111110110011001001011011100101111010100010101010010010010010001111001010001001001011110110011010101110100010001010010010110111101101100100110110101000111011010111
10101010101011010100101110110111100011010111101101010110111000010100100101011100000000110111010011101100100101011010101001001111101111001001011101011010101011100011011001101111010111110111000110011101
11001010100000000000011011011000110010111100010001001001010001110110011100001001100000010010100001111101011111100000000111011101100100011011111100110010000111010100001111101101110001000111100100010100
11101111001000111110101010111101101111000101101011000111010011101001010011100001111100000110100110101100010010011100000101100001001000110011101010001100111000000100110010111010110111011011110000011111
00111101000111111101111000100100100011010000011011100001010100010010001000101101001111100111111011001100101011100110101000100001000000011000111100111011010000100000000101000010101101000001100110001110
00000110001010100101110100000100111100011101100101100000000000001000000000000100010100100111011011101110100111011000111001111101010101010100001101011111011010110010110000000111101101010000000101001111
10100000000100000111000000011001000011001100110001010111000111000010100110100011011010010000111010111101011011100010100100111000010000111011011011110100111000001011100101110010100010001101011000100010
100010000000011110111111101100110101100111101110101011010101110100010001101011110110001101001101111100101110010010100011001001110001011011001110001011101010000100000010