111000110111001101001001
10001111110100100110011101101000000011000110100111000110110110110011001111101100100111011011110111001100111101010100100010000101111011000100000000001001000000100000110111111101111100010110100100111011
00010101011001101100000011010011111100110100010111000110110010110111001010101000000011110000111110011111011010000001001001000110010110010010010110111110100110001101101110111110111000101010011101000111
01000110010011110001111100110101011110110000111101000101011101110110000011101101011010010100011000010101010001001011101110011111110010000100110110111111010010101100110010001011110110110001000100001100
00111011010001000101010010001111001010101100001111001000010111010100111000101001100100011110111000011101000111011101101000101011010011100100101010010010011100010100111011000010111010101010100001001111
11001100110110011000100100111110011010111110110111011110100100000110010011101010100110100001011111110100110111011011000001100000110110110110010101111100110110001010010111001111100111001000110100001000
10010100000100110011010101111111111101110001000010000000100000110010000111100011101101000000111010011001101111011010011011111010100010010011001101001101101001101011010000100000000100011111100100000000
01111110010100000111100100110011111011000100011111011000101110011011011110011000100001111111011010011000101010001011100010100110101010111101000001100010110001000100000001101000100100010111101000010011
00010100010101101100010011000111010100100111000111010000010100110110000111110110111110011001010101011011010000100100010110100110011101110110111100101010111010111001101100001001110000101011011011100001
11110110001001110100101110001100010101011011011110001000100010100111011100011000010011000101100011100011010011000101100010100110000100001001011010010110101001101011010011101011010101100001110110100111
00000100011100101110010101010101101100011000101010111011000111111100001000100100000010110010010101110101110101111011101110100111111000110110111111001000000110101111011101110111010011001001111001010011
01000100001000100010000111100001101101110001110110111011000111000011001001110111111000011001100010100110000101111110100000000001110111011000101101110011011111001011010010110011011101100110010111011110
11101001111001110000010000000110010110001111101001001000000001011000100000101000110001010000010000001011000110100000110101001011100001001100010001110001011011101011100110111100010101100000110110101100
01010011001010100000101110000100110111011100110111111011000111000111111000110100000101000000011000010100110100010000011010000000001110010011100010110111101110000101110110100100011000011110001100101011
10101101010010001000001101101001000000111110001101001101111100011011101111001011100000010010010100101001110111010001001010011010011110100001111010000001010001011101101010010101110000110001011010001011
00010011000001000111000010001011101010011011010000111101100110100101111010011100001011001111011111011011100000010000011110011101110000000101000101101100101001111010011111011001111101011011110101101101
10111101110111100110111101011011010100111001001001010000011100010010001011111010101101100001001010100101010100011010000010111000001000110010111110000001100101111111101001111010000011001101101101011100
11010100110111100011110100100011010110011101011010001110110010011001111000111110001111000101001011100010101000001101111110100000111011011000000000111101001010001101010011110001110000010000000001100001
10001010000101110011010100101011001101100111011011000100111011100000110110100111110100001011101111001101000010001100110011110101001010110101001101000110001000101100011100001110101111000001010001001100
11000000011010010001010001100001100000111000110001100010001111000000111100110101010001100011000001101010000010011110001110101111011110011100000011111111010111011100100101100001011001110011101011111101
11011111101010110000100100001010100010110100011100001010011001010100010000111110001011111100101110110010110101111011100110101010100001101001100110000111110011110101110000110001000010110010111111011001
00101001111000110011000100011011110010000101111100100010001010110111110100110110110010000111110100010101000000111100011010101101101100101010110011110010011011000010110111100101001111100110100111000001
11110000111111011011100100101100001000110101011011011101000100110111011110001010100011010101101000010000101000100110100010100101000000011001010010001111100000110001110110000101100000110000111110101110
00011000001010000111101110001001001000101001011100110011100001010100011010011011010111111110101000110010110111001010000011011001101000110011000001000111000101100101010111010110011000000010100000110100
01101000100001111100100000100001010101101111100010010010000111001100110011010101101101101010001111010000001101000110111101001001001000100110010110110110011010011110000110011010011011010110101011101001
10101101011100100000011000111100000010101110100100110100100011101000000100000010100100111110000001111011101101110111110010010001010101011101111100000111001001001110111000101011000010000111100101101010
00011010010101000001000010000001110100100111110011000111011110101101000111101001100101011111001101001010011110010011101100110100110010110011011101101100011010101101111011010110111111110010100000111111
10100101110010001001101100111000101100100110100101010000010110110011000101110010010110110010111011000110010111101010110111001110010110111000101011000011000110010100011010000000010111011110110101011101
01001011110001010100001110010111010101111011111110110001110111001010001101101100000101001011101111111000110010010111100001010010110011001011110001011100110000001001100000010000010110000110011101111001
11010111100110000101010001101100011010100011101010011101001111011100001111101100110010010110111001011110101000101010100100100100100011110010100010010010111101100110101011101000100010100100101101111011
01100100110110101000111011010111101010101010110101001011101101111000110101111011010101101110000101001001010111000000001101110100111011001001010110101010010011111011110010010111010110101010111000110110
11011110111011101111001101101010100000000001000000000110110110001100101111000100010010010100011101100111000010011000000100101000011111010111111000000001110111011001000110111111001100100001110101000011
11101101110001000111100100010100111011110010001111101010101111011011110001011010110001110100111010010100111000011111000001101001101011000100100111000001011000010010001100111010100011001110000001001100
10111010110111011011110000011111001111010001111111011110001001001000110100000110111000010101000100100010001011010011111001111110110011001010111001101010001000010000000110001111001110110100001000000001
01000010101101000001100110001110000001100010101001011101000001001111000111011001011000000000000010000000000001000101001001110110111011000010101101001001111011111010101011000110111011110110101100101100
00000111101101010000000101001111101000000001000001110000000110010000110011001100010101110001110000101001101000110110100100001110101111010110111000101001001110000100001110110110111101001110000010111001
01110010100010001101011000100010100010000000011110111111101100110101100111101110101011010101110100010001101011110110001101001101111100101110010010100011001001110001011011001110001011101010000100000010
11001011110000101101001011110111011010101110010001100010111001100110100101100011101010101111100100010000111000101110011110101111000011111011000111001011000100001001101101101111010100101100101011001001
11001110001000011010111110010001001001110111011010001011000011111010100000100111101011000111010100101001000001010010110011101100011101011001100000110010011011110100110101111010000100011110111100100111
00101000010110101011101010100101100110001010000101000000000101100110010110101100000001110100100100100110110110110001110110101100000001110010111001001111001001000101010101010011001101101111011110101000
10010011111011000000011011110000110000011011011001000000101000110110001110101001110100000100110110111111110100111110010110111101000000111100111000000100001101000110010101010010100110101000011101001101
01110000111101110010101010011100111001110101100110011101011101001001011010101010000000110000101101101101000001011111101000110111000001111110010101111010011011010011110110111000001001000000110111110001
01000101110001011101101101101101110101100001101100110001000010110011011000001101111101100100000111101100101110100111110011110101111110011010000110110001000100100101010001111010101101111110111111101011
00111010011110110000001010001001011011101000001001111010110001110110111111110010100100111010010111110111001111011100001011011100011100010111100011110100011111011001101010111100010111100101101000000010
11100101000101100101111101000111000000111111011001010011010101000011110101111110011010101101101001110010011111010100011011100101111101010100010011100011011100110100100110001111110100100110011101101000
00001100011010011100011011011011001100111110110010011101101111011100110011110101010010001000010111101100010000001000010000101011000011011111110111110001011010010011101100010101011001101100000011010011
11110011010001011100011011001011011100101010100000001111000011111001111101101000000100100100011001011001001001011011111010011000110110111011111011100010101001110100011101000110010011110001111100110101
01111011000011110100010101110111011000001110110101101001010001100001010101000100101110111001111111001000010011011011111101001010110011001000101111011011000100010000110000111011010001000101010010001111
00101010110000111100100001011101010011100010100110010001111011100001110100011101110110100010101101001110010010101001001001110001010011101100001011101010101010000100111111001100110110011000100100111110
01101011111011011101111010010000011001001110010101100101000001111111010011011101101100000110000011011011011001010111110011011000101001011100111110011100100011010000100010010100000100110011010101111111
11110111000100001000000010000011001000011110001110110100000011101001100110111101101001101111101010001001001100110100110110100110101101000010000000010001111110010000000001111110010100000111100100110011
11101100010001111101100010111001101101111001100010000111111101101001100010101000101110001010011010101011110100000110001011000100010000000110100010010001011110100001001100010100010101101100010011000111
01010010011100011101000001010011011000011111011011111001100101010101101101000010010001011010011001110111011011110010101011101011100110110000100111000010101101101110000111110110000100110000011110001100
01010101101101111000100010001010011101110001100001001100010110001110001101001100010110001010011000010000100101101001011010100110101101001110101101010110000111011010011100000100011100101110010101010101
10110001100010101011101100011111110000100010010000001011001001010111010111010111101110111010011111100011011011111100100000011010111101110111011101001100100111100101001101000100001000100010000111100001
10110111000111011011101100011100001100100111011111100001100110001010011000010111111010000000000111011101100010110111001101111100101101001011001101110110011001011101111011101001111001110000010000000110
01011000111110100100100000000101100010000010100011000101000001000000101100011010000011010100101110000100110000001011100000111110101110011011110001010110000011011010110001010011001010100000101110000100
11011101110011011111101100011100011111100011010000010100000001100001010011010001000001101000000000111001001110001011011110111000010111011010010001100001111000110010101110101101010010001000001101101001
00000011111000110100110111110001101110111100101110000001001001010010100111011101000100101001101001111010000111101000000101000101110110101001010111000011000101101000101100010011000001000111000010001011
1010100110110100001111011001101001011110