011000110100111111101001000000100100111110101000001001111010110001110101001010010000010100101100111011000111010110011000001100100110111101001101
01111010000100011110111100100111001010000101101010111010101001011001100010100001010000000001011001100101101011000000011101001001001001101101101100011101101011000000011100101110010011110010010001010101
01010011001101101111011110101000100100111110110000000110111100001100000110110110010000001010001101100011101010011101000001001101101111111101001111100101101111010000001111001110000001000011010001100101
01010010100110101000011101001101011100001111011100101010100111001110011101011001100111010111010010010110101010100000011000010110110110110001111111100100011011110100111011001111101000001100111000101111
01100000000011000000101111110001010001011100010111011011011011011101011000011011001100010000101100110110000011011111011001000001111011001011101001111100111101011111100110100001101100010001001001010100
01111010101101111110111111101011001110100111101100000010100010010110111010000010011110101100011101101111111100101001001110100101111101110011110111000010110111000111000101111000111101000111110110011010
10111100010111100101101000000010111001010001011001011111010001110000001111110110010100110101010000111101011111100110101011011010011100100111110101000110111001011111010101000100111000110111001101001001
10001111110100100110011101101000000011000110100111011101111000100111011011001100011011100110101111011001111111111100010001011110100010011000010100001001000000100000110111111101111100010110100100111011
00010101011001101100000011010011111100110100010111000110110010110111001010101000000011110000111110011111011010000001001001000110010110010010010110111110100110001101101110111110111000101010011101000111
01000110010011110001111100110101011110110000111101000101011101110110000011101101011010010100011000010101010001001011101110011111110010000100110110111111010010101100110010001011110110110001000100001100
00111011010001000101010010001111001010101100001111001000010111010100111000101001100100011110111000011101000111011101101000101011010011100100101010010010011100010100111011000010111000000000010110011011
10011001111100110101011101111100110100101100111010111101001101011000110110011010100110100001011111110100110111011011000001100000110110110110010101111100110110001010010111001111100111001000110100001000
10010100000100110011010101111111111101110001000010000000100000110010000111100011101101000000111010011001101111011010011011111010100010010011001101001101101001101011010000100000000100011111100100000000
01111110010100000111100100110011111011000100011111011000101110011011011110011000100001111111011010011000101010001011100010100110101010111101000001100010110001000100000001101000100100010111101000010011
00010100010101101100010011000111010100100111000111010000010100110110000111110110111110011001010101011011010000101101101001001000101011101100101101000100100000100010001001010010110100000110100011010110
10101100001001110100101110001100010101011011011110001000100010100111011100011000010011000101100011100011010011000101100010100110000100001001011010010110101001101011010011101011010101100001110110100111
00000100011100101110010101010101101100011000101010111011000111111100001000100100000010110010010101110101110101111011101110100111111000110110111111001000000110101111011101110111010011001001111001010011
01000100001000100010000111100001101101110001110110111011000111000011001001110111111000011001100010100110000101111110100000000001110111011000101101110011011111001011010010110011011101100110010111011110
11101001111001110000010000000110010110001111010110000101010010110100010101000100110110110101100001010010001101000001101010000011000010011001010001110001011011101011100110111100010101100000110110101100
01010011001010100000101110000100110111011100110111111011000111000111111000110100000101000000011000010100110100010000011010000000001110010011100010110111101110000101110110100100011000011110001100101011
10101101010010001000001101101001000000111110001101001101111100011011101111001011100000010010010100101001110111010001001010011010011110100001111010000001010001011101101010010101110000110001011010001011
00010011000001000111000010001011101010011011010000111101100110100101111010011100001011001111011111011011100000010000011110011101110000000101000101101100101001111010011111011001111011100110111010001110
01101110101010001100101010110111101001100111000011110100101001100001000000110110001110111111010010101100011010000001001111010001100110101110100011000111100001000110001111000110101011001100111011010111
00101001111111011110001001001010100111011010111101001101001100100010011110111100000111100001010100100101010011010010001110111010110100010011000000001110100100101000100011011011111010110111101100000101
01001100000011010100001101000010011100011000000010010100000101011001100001111111001111110100010000110000110111011101000111111111111100010010001010100100011101010010100010001010100000101101001100101100
00111101101010100111000011101011010110000100100010101101110110001101011011011010111100110110000010111000101111001111001101110101101111001110001001011111101011000110010000110000100110111011011101111110
01101111101010110110000100101010010101010001101000001011100000100011001011111000000110010111111110100111101000001100110110110101110011010100110111100011110100100011010110011101011010001110110010011001
11100011111000111100010100101110001010100000110111111010000011101101100000000011110100101000110101001111000111000001000000000110000110001010000101110011010100101011001101100111011011000100111011100000
11011010011111010000101110111100110100001000110011001111010100101011010100110100011000100010110001110000111010111100000101000100110011000000011010010001010001100001100000111000110001100010001111000000
11110011010101000110001100000110101000000110100100110001111010100010100101001111101011111111110100111001011011001111001001001110111110111111101010110000100100001010100010110100011100001010011001010100
01000011111000101111110010111011001011010111101110011010101010000110100110011000011111001111010111000011000100001011001011111101100100101001111000110011000100011011110010000101111100100010001010110111
11010011011011001000011111010001010100000011110001101010110110110010101011001111001001101100001011011110010100111110011010011100000111110000111111011011100100101100001000110101011011011101000100110111
01111000101010001101010110100001000010100010011010001010010100000001100101001000111110000011000111011000010110000011000011111010111000011000001010000111101110001001001000100110101100100111000111111001
11010011011010111010110001010110010111101001000101011010011101000010101110011010110101010110100101111111101000011001010111010111101110000000011001110111000110111010010100101001011001001010011101010011
11000100010010000011111010011001011010010001101101011011010001000011011101011110010101001001011100100000101010010001100011000011111111001111010110000011110010111101110011001111100100000110000011101001
10110101010001010111000011001110100101110010001110001100111011001100011110111100001110110010010110110111111011110010011110010000010001010011010111110100001111110001010100101110000111001111110000000111
01111010111101011101011010001000111100000001000000000100110010011001100110010011001100000011100111001000000111111111001101101001110101010000110011001100010110010100110100011011110000000000001011010011
00110000010001110001011001010101110101100110000000101000001101000110100010000111110010000010000101010110111110001001001000011100110011001101010110110110101000111101000000110100011011110100100100100010
01100101101101100110100111100001100110100110110101101010111010011010110101110010000001100011110000001010111010010011010010001110100000010000001010010011111000000111101110110111011111001001000101010101
11011111000001110010010011101110001010110000100001111001011010100001101001010100000100001000000111010010011111001100011101111010110100011110100110010101111100110100101001111001001110110011010011001011
00110111011011000110101011011110110110001110101000010001001011110100111010000101011100100111010101100100100100101111010111110011001100010111001001011011001011101100011001011110101011011100111001011011
10001010110000110001100101000110100000000101110111101101010111010100101111000101010000111001011101010111101111111011000111011100101000110110110000010100101110111111100011001001011110000101001011001100
10111100010111001100000010011000000100000101100001100111011110011101011110011000010101000110110001101010001110101001110100111101110000111110110011001001011011100101111010100010101010010010010010001111
00101000100100101111011001101010111010001000101001001011011110110110010011011010100011101101011110101010101011010100101110110111100011010111101101010110111000010100100110111001010100101110100010001101
00101110010000011000101000101100001010101010000000011001001111011101111011101110111100110110101010000000000100000000011011011000110010111100010001001001010001110110011100001001100000010010100001111101
01111110000000011101110110010001101111110011001000011101010000111110110111000100011110010001010011101111001000111110101010111101101111000101101011000111010011101001010011100001111100000110100110101100
01001001110000010110000100100011001110101000110011100000010011001011101011011101101111000001111100111101000111111101111000100100100011010000011011100001010100010010001000101101001111100111111011001100
10101110011010100010000100000001100011110011101101000010000000010100001010110100000110011000111000001001010100001011111001011100111001101111001110000101010101000000000100011001101101001111100011011100
00101011010010011110111110101010110001101110111101101011001011000000011110110101000000010100111110100000000100000111000000011001000011001100110001010111000111000010100110100011011010010000111010111101
01101110001010010011100001000011101101101111010011100000101110010111001010001000110101100010001010001000000001111011111110110011010110011110111010101101010111010001000110101111011000110100110111110010
11100100101000110010011100010110110011100010111010100001000000101100101111000010110100101111011101101010111001000110001011100110011010010110001110101010111110010001000011100010111001111010111100001111
10110001110010110001000010011011110010101010010111010001100100101001110100000011010110110110001101001111111010010000001001001111101010000010011110101100011101010010100100000101001011001110110001110101
10011000001100100110111101001101011110100001000111101111001001110010100001011010101110101010010110011000101000010100000000010110011001011010110000000111010010010010011011011011000111011010110000000111
00101110010011110010010001010101010100110011011011110111101010001001001111101100000001101111000011000001101101100100000010100011011000111010100111010000010011011011111111010011111001011011110100000011
11001110000001000011010001100101010100101001101010000111010011010111000011110111001010101001110011100111010110011001110101110100100101101010101000000011000010110110101100011111111001000110111101001110
11001111101000001100111000101111011000000000110000001011111100010100010111000101110110110110110111010110000110110011000100001011001101100000110111110110010000011110110010111010011111001111010111111001
10100001101100010001001001010100011110101011011111101111111010110011101001111011000000101000100101101110100000100111101011000111011011111111001010010011101001011111011100111101110000101101110001110001
01111000111101000111110110011010101111000101111001011010000000101110010100010110010111110100011100000011111101100101001101010100001111010111111001101010110110100111001001111101010001101110010111110101
010001001110001101110011010010011000111111010010011001110110100000001100011010011100011011011011011101101100110001101110