00110110111100110001011010101101011111001011110110011110001101101000100111110001011110000101001011110110100100101000100011010110
00100010100010000000011110111111101100110101100111101110101011010101110100010001101011110110001101001101111100101110010010100011001001110001011011001110001011101010000100000010110010111100001011010010
11110111011010101110010001100010111001100110100101100011101010101111100100010000111000101110011110101111000011111011000111001011000100001001101101101111010100101100101011001001110011100010000110101111
10010001001001110111011010001011000011111101010000111001011111001011000000011100100010001011110001110100100100001110011010110001001111011010010000010111000010100101011100110001100111001000111111110111
11010000011001000111100000100000100000111011100011010100001000110000110000110011110011111000110001010110001010110111101100001111010001010111011101100000111011010110100101000110000101010100010010111011
10011111110010000100110110111111010010101100110010001011110110110001000100001100001110110100010001010100100011110010101011000011110010000101110101001110001010011001000111101110000111010001110111011010
00101011010011100100101010010010011100010100111011000010111010101010100001001111110011001101100110001001001111100110101111101101110111101001000001100100111001010110010100000001111110101110111001111000
00110010011001111011100010011100010011100111101001101101111011001100110000101110010000000000000110110000101101111111100100000010010010001100101100110000111100111101001000001111011001101101110001010001
11111101111011001001100110100110111100111111010000100000000100011111100100000000011111100101000001111001001100111110110001000111110110001011100110110111100110001000011111110110100110001010100010111000
10100110101010111101000001100010110001000100000001101000100100010111101000010011000101000101011011000100110001110101001001110001110100000101001101100001111101101111100110010101010110110100001001000101
10100110011101110110111100101010111010111001101100001001110000101011011011100001111101100001001100000111111011101000101011110011010011000100111100111001101011101000111000000100111110011010011010000100
11110001000000101100001101100011111110111111101011110111000000010000010001110001001010000011001111010000100000100111001011100101110111110000010101100011001110001010010110010010100100000011111000110100
11011111000110111011110010111000000100100101001010011101110100010010100110100111101000011110100000010100010111011010100101011100001100010110100010110001001100000100011100001000101110101001101101000011
11011001101001011110100111000010110011110111110110111000000100000111100111011100000001010001011011001010011110100111110110011111010110111101011011011011110111011110011011110101101101010011100100100101
00000111000100100010100110110011110111010010011101101001111010000001111000001100111101110100010000010110000010011011111010011111111001100111110010111001011011010110110100011000011111001110011101011000
01000001001100110011010101101010011100001010101100001000110000111001011101010110000010111000000001010110100111010100111100011100000100000000011000011000101000010111001101010010101100110110011101101100
01001110111000001101101001111101000010111011110011010000100011001100111101010010101101010011010001100010001011000111000011101011110000010100010011001100000001101001000101000110000110000011100011000110
00100011110000001111001101010100011000110000011010100000100111100011101011110111100111000000111111110101110111001001011000010110011100111010111111011101111101010111100001100000010111101111001000010000
01110001000000100000101101010011011111101111010110110100000111011110011111111100101111001110110000111110010100101110001110101000010110011101011001101001011011010011100110100000110101000100000011111011
00010001110110110100000100111110010000011101000101010000001111000110101011011011001010101100111100100110110000101101111001010011111001101001110000011111000011111101101110010010110000100011010101101101
11010001001101110111100010101000110101011010000100001010001001101000101001010000000110010100100011111000001100011101100001011000001100001111101011100001100000101000011110111000100100100010100101110011
00111000010101000110100110110101111111101010001100101101110010100000110110011010001111110100011101000010000101000001011111011010010000001100101111011100001010010001101110000111011100001011111000110010
01010001000010010110001000001110100111111110110000110110000001110000111110100010000100111000011100100010011000111001000011111110000001000100001111111110011110001100000111101011110111001100111110010000
01100000111010011011010101000101011100001100111010010111001000111000110011101100110001111011110000111011001001011011011111101111001001111001000001000101001101011111010000111111000101010010111000011100
11111100000001110111101011110101110101101000100011110000000100000000010011001001100110011001001100110000001110011100100010000111010110110011111001101010001011000110010010001110100011101000011101101010
00001011110000010011001000001011101010010010101011100001001100101011111010110010000101001100101111100110001100001010000101111100110000011010111001101100110010000101001111010011011010000011001000111111
00101100100100111011101011011011100101101111000001000101001101100001110101111110110111101011000100101001000010011000000100000101100001100111011110011101011110011000010101000110110001101010001110101001
11010011110111000011111011001100100101101110010111101010001010101001001001001000111100101000100100101111011001101010111010001000101001001011011110110110010011011010100011101101011110101010101011010100
10111011011110001101011110110101011011100001010010010101110000000011011101001110110010010101101010100100111110111100100101110101101010101110001101100110111101011111011100011001110111001010100000001010
10011100111001100101010010000010011000101001100100010000111011101000101111101011110000111101101010000110011011101010111101111011001100101110100000010111110011000010100101100010101001011101001110110101
11110101110011010110100011111100100101001110100101001110000111110000011010011010110001001001110000010110000100100011001110101000110011100000010011001011101011011101101111000001111100111101000111111101
11100010010010001101000001101110000101010001001000100010110100111110011111101100110010101110011010100010000100000001100011110011101101000010000000010100001010110100000110011000111000000110001010100101
11010000010011110001110110010110000000000000100000000000010001010010011101101110111010011101100011100111110101010101010000110101010110011111000111000010100111011000001010001010110111110000001000000011
00000000111010101110110001000010101110100110001101101111001100010110101011010111110010111101100111100011011010001001111100010111100001010010111101101001101101001100111001100010001010001000000001111011
11111011001101011001111011101010110101011101000100011010111101100011010011011111001011100100101000110010011100010110110011100010111010100001000000101100101111000010110100101111011101101010111001000110
00101110011001101001011000111010101011111001000100001110001011100111101011110000111110110001110010110001000010011011011011110101001011001010110010011100111000100001101011111001000100100111011101101000
10110000111111010100001110010111110010110000000111001000100010111100011101001001000011100110101100010011110110100100000101110000101001010111001100011001110010001111111101111101000001100100011110000010
00001000001110111000110101000010001100001100001100111100111110001100010101100010101100010101000011110010010001010101010100110011011011110111101010001001001111101100000001101111000011000001101101100100
00001010001101100011101010011101000001001101101111111101001111100101101111010000001111001110000001000011010001100101010100101001101010000111010011010111000011110111001010101001110011100111010110011001
11010111010010010110101010100000001100001011011011010000010111111010001101110000011111100101011110100110110100111101101110000010010000001101111100000000000011100000110011111011010001100001101001011001
10001000111110110011000001100101100110101000111111100101011100111100111100001111010001011010010100100000000110100010000101010111100101010111110111011011010110010101101010010110010010011111011000111011
01011100000110110101110110011110001110100101111101110011110111000010110111000111000101111000111101000111110110011010101111000101111001011010000000101110010100010110010111110100011100000011111101100101
00110101010000111101011111100110101011011010011100100111110101000110111001011111010101000100111000110111001101001001100011111101001001100111011010000000110001101001110001101101101100110011111011001001
11011011110111001100111101010100100010000101111011000100000010000100001010110010110011111100111110100011110010111111100000100011001101100000011000111101000110101010110010010110110110010011010111101000
11111010111101100101001101100010001100001011100011100001001011111101111011000110011101011111011100010101000100101001100000010000111100001101101110001011111100000111010001010111011101100000111011010110
10010100011000010101010001001011101110011111110010000100110110111111010010101100110010001011110110110001000100001100001110110100010001010100100011110010101011000011110010000101110101001110001010011001
00011110111000011101000111011101101000101011010011100100101010010010011100010100111011000010111010101010100001001111110011001101100110001001001111100110101111101101110111101001000001100100111001010110
01010000000111111010111011100111100000110010011001111011100010011100010011100111101001101101111011001100110000101110010000000000000110110000101101111111100100000010010010001100101100110000111100111101
00100000111101100110110111000101000111111101111011001001100110100110111100111111101000110000101000011111100100000000011111100101000001111001001100111110110001000111110110001011100110110111100110001000
01111111011010011000101010001011100010100110101010111101000001100010110001000100000001101000100100010111101000010011000101000101011011000100110001110101001001110001110100000101001101100001111101101111
10011001010101011011010000100100010110100110011101110110111100101010111010111001101100001001110000101011011011100001111101100001001100000111111011101000101011110011010011000100111100111001101011101000
11100000010011111001101001101000010011110001000000101100001101100011111110111111101011110111000000010000010001110001001010000011001111010000100000100111001011100101110111110000010101100011001110001010
01011001001010010000010000111011101110100111111000110110111111001000000110101111011101110111010011001001111001010011010001000010001000100001111000011011011100011101101110110001110000110010011101111110
00011001100010100110000101111110100000000001110111011000101101110011011111001011010010110011011101100110010111011110111010011110011100000100000001100101100011111010010010000000010110001000001010001100
01010000010000001011000110100000110101001011100001001100000010111000001101011101111011110110101000010000010001011110101000110001110110001111010010000110110011001110010101011000011000010111100100101000
00001000001110001000011010101000001111100000101101001001111001011001111111101010011001110000000100100111001110111101010101001000010001100001101111101010101111110011010011011111000110111011110010111000
00010010010100101001110111010001001010011010011110100001111010000001010001011101101010010101110000110001011010001011000100110000010001110000100010111010100110110100001111011001101001011110100111000010
11001111011111011011100000010000011110011101110000000101000101101100101001111010011111011001111101011011110101101101101111011101111001101111010110110101001110010010010100000111000100100010100110110011
1101110100100111011010011110100000011110000011001111011101000100000101100000100110111110100111111110011001111100101110010110110101101101