000100000000011000011000101000010111001101010010
10110011011001110110110001001110111000001101101001111101000010111011110011010000100011001100111101010010101101010011010001100010001011000111000011101011110000010100010011001100000001101001000101000110
00011000001110001100011000100011110000001111001101010100011000110000011010100000100111100011101011110111100111000000111111110101110111001001011000010110011100111010111111011101111101010111100001100000
01011110111100100001000001110001000000100000101101010011011111101111010110110100000111011110011111111100101111001110110000111110010100101110001110101000101100101111110110010010100111100011001100010001
10111100100001011111001000100010101101111101001101101100100001111101000101010000001111000110101011011011001010101100111100100110110000101101111001010011111001101001110000011111000011111101101110010010
11000010001101010110110111010001001101110111100010101000110101011010000100001010001001101000101001010000000110010100100011111000001100011101100001011000001100001111101011100001100000101000011110111000
10010010001010010111001100111000010101000110100110110101111111101010001100101101110010100000110110011010001111110100011101000010000101000001011111011010010000001100101111011100001010010001101110000111
01110000101111100011001001010001000010010110001000001110100111111110110000110110000010110101101101000100001101110101111001010100100101110010000010101001000110001100001111111100111101011000001111001011
11011100110011111001000001100000111010011011010101000101011100001100111010010111001000111000110011101100110001111011110000111011001001011011011111101111001001111001000001000101001101011111010000111111
00010101001011100001110011111100000001110111101011110101110101101000100011110000000100000000010011001001100110011001001100110000001110011100100010000111010110110011111001101010001011000110010010001110
10001110100001110110101000001011110000010011001000001011101010010010101011100001001100101011111010110010000101001100101111100110001100001010000101111100110000011010111001101100110010000101001111010011
01101000001100100110111101001001001000100110010110110110011010011110000110011010011011010110101011101001101011010111001000000110001111000000101011101001001101001000111010000001000000101001001111100000
01111011101101110111110010010001010101011101111100000111001001001110111000101011000010000111100101101010000110100101010000010000100000011101001001111100110001110111101011010001111010011001010111110011
01001010011110010011101100110100110010110011011101101100011010101101111011010110111111110010100000111111101001011100100010011011001110001011001001101001010100000101101100110010000110011010011110011111
11101011100011010101010001000111100011010100010111101001000001000010101111001010000001100101011010001100100011111110001010000001011010110000001111011111101100011101110010100011011011000001010010111011
11111000110010010111100001010010110011001011110001011100110000001001100000010000010110000110011101111001110101111001100001010100011011000110101000111010100111010011110111000011111011001100100101101110
01011110101000101010100100100100100011110010100010010010111101100110101011101000100010100100101101111011011001001101101010001110110101111010101010101101010010111011011110001101011110110101011011100001
01001001010111000000001101110100111011001001010110101010010011111011110010010111010110101010111000110110011011110101111101110001100111011100101010000000101010011100111001100101010010000010011000101001
10010001000011101110100010111110101111000011110110101000011001101110101011110111001100100001110101000011111011011100010001111001000101001110111100100011111010101011110110111100010110101100011101001110
10010100111000011111000001101001101011000100100111000001011000010010001100111010100011001110000001001100101110101101110110111100000111110011110100011111110111100010010010001101000001101110000101010001
00100010001011010011111001111110110011001010111001101010001000010000000110001111001110110100001000000001010000101011010000011001100011100000011000101010010111010000010011110001110110010110000000000000
10000000000001000101001001110110111011101001110110001110011111010101010101000011010101011001111100011100001010011101100000101000101011011111000000100000001100000000111010101110110001000010101110100110
00110110111100110110100100001110101111010110111000101001001110000100001110110110111101001110000010111001011100101000100011010110001000101000100000000111101111111011001101011001111011101010110101011101
00010001101011110110001101001101111100101110010010100011001001110001011011001110001011101010000100000010110010111100001011010010111101110110101011100100011000101110011001101001011000111010101011111001
00010000111000101110011110101111000011111011000111001011000100001001101101101111010100101100101011001001110011100010000110101111100100010010011101110110100010110000111111010100001110010111110010110000
00011100100010001011110001110100100100001110011010110001001111011010010000010111000010100101011100110001100111001000111111110111110100000110010010101011011111101111111010110011101001111011000000101000
10010110111010000010011110101100011101101111111100101001001110100101111101110011110111000010110111000111000101111000111101000111110110011010101111000101111001011010000000101110010100010110010111110100
01110000001111110110010100110101010000111101011111100110101011011010011100100111110101000110111001011111010101000100111000110111001101001001100011111101001001100111011010000000110001101001110001101101
10110011001111101100100111011011110111001100111101010100100010000101111011000100000010000100001010110010110011111100111110100011110010111111100000100011001101100000011000111101000110101010110010010110
11011001001101011110100011111010111101100101001101100010001100001011100011100010010110111110100110001101101110111110111000101010011101000111010001100100111100011111001101010111101100001111010001010111
01110110000011101101011010010100011000010101010001001011101110011111110010000100110110111111010010101100110010001011110110110001000100001100001110110100010001010100100011110010101011000011110010000101
11010100111000101001100100011110111000011101000111011101101000101011010011100100101010010010011100010100111011000010111010101010100001001111110011001101100110001001001111100110101111101101110111101001
00000110010011100101011001010000000111111010111011100111100000110010011001111011100010011100010011100111101001101101111011001100110000101110010000000000000110110000101101111111100100000010010010001100
10110011000111100011101101000000111010011001101111011010011011111010100010010011001101001101101001101011010000100000000100011111100100000000011111100101000001111001001100111110110001000111110110001011
10011011011110011000100001111111011010011000101010001011100010100110101010111101000001100010110001000100000001101000100100010111101000010011000101000101011011000100110001110101001001110001110100000101
00110110000111110110111110011001010101011011010000100100010110100110011101110110111100101010111010111001101100001001110000101011011011100001111101100001001100000111111011101000101011110011010011000100
11110011100110101110100011100000010011111001101001101000010011110001000000101100001101100011111110111111101011110111000000010000010001110001000001000111001011100101010101011011000110001010101110110001
11111100001000100100000010110010010101110101110101111011101110100111111000110110111111001000000110101111011101110111010011001001111001010011010001000010001000100001111000011011011100011101101110110001
11000011001001110111111000011001100010100110000101111110100000000001110111011000101101110011011111001011010010110011011101100110010111011110111010011110011100000100000001100101100011111010010010000000
01011000100000101000110001010000010000001011000110100000110101001011100001001100000010111000001101011101111011110110101000010000010001011110101000110001110110001111010010000110110011001110010101011000
01100001011110010010100000001000001110001000011010101000001111100000101110010011100010110111101110000101110110100100011000011110001100101011101011010100100010000011011010010000001111100011010011011111
00011011101111001011100000010010010100101001110111010001001010011010011110100001111010000001010001011101101010010101110000110001011010001011000100110000010001110000100010111010100110110100001111011001
10100101111010011100001011001111011111011011100000010000011110011101110000000101000101101100101001111010011111011001111101011011110101101101101111011101111001101111010110110101001110010010010100000111
00010010001010011011001111011101001001110110100111101000000111100000110011110111010001000001011000001001101111101001111111100110011111001011100101101101011011010001100001111100111001110101100001000001
00111001111000111110001111000101001011100010101000001101111110100000111011011000000000111101001010001101010011110001110000010000000001100001100010100001011100110101001010110011011001110110110001001110
11100000110110100111110100001011101111001101000010001100110011110101001010110101001101000110001000101100011100001110101111000001010001001100110000000110100100010100011000011000001110001100011000100011
11000000111100110101010001100011000001101010000010011110001110101111011110011100000011111111010111011100100101100001011001110011101011111101110111110101011110000110000001011110111100100001000001110001
00000010000010110101001101111110111101011011010000011101111001111111110010111100111011000011111001010010111000111010100001011001110101101001001010011110001100110001000110111100100001011111001000100010
10110111110100110110110010000111110100010101000000111100011010101101101100101010110011110010011011000010110111100101001111100110100111000001111100001111110110111001001011000010001101010110110111010001
00110111011110001010100011010101101000010000101000100110100010100101000000011001010010001111100000110001110110000101100000110000111110101110000110000010100001111011100010010010001010010111001100111000
01010100011010011011010111111110101000110010110111001010000011011001101000111111010001110100001000010100000101111101101001000000110010111101110000101001000110111000011101110000101111100011001001010001
00001001011000100000111010011111111011000011011000000111000011111010010000110111010111100101010010010111001000001010100100011000110000111111110011110101100000111100101111011100110011111001000001100000
11101001101101010100010101110000110011101001011100100011100011001110110011000111101111000011101100100101101101111110111100100111100100000100010100110101111101000011111100010101001011100001110011111100
00000111011110101111010111010110100010001111000000010000000001001100100110011001100100110011000000111001110010001000011101011011001111100110101000101100011001001000111010001110100001110110101000001011
11000001001100100000101110101001001010101110000100110010101111101011001000010100110010111110011000110000101000010111110011000001101011100110110011001000010100111101001101101000001100100011111100101100
00100010011001011011011001101001111000011001101001101101011010101110100110101101011100100000011000111100000010101110100100110100100011101000000100000010100100111110000001111011101101110111110010010001
01010101110111110000011100100100111011100010101100001000011110010110101000011010010101000001000010000001110100100111110011000111011110101101000111101001100101011111001101001010011110010011101100110100
11001011001101110110110001101010110111101101011011111111001010000011111110100101110010001001101100111000101100100110100101010000010110110011001000011001101001111001111111101011100011010101010001000111
10001101010001011110100100000100001010111100101000000110010101101000110010001111111000101000000101101011000000111101110111111000011011001010001101101100000101001011101111111000110010010111100001010010
1100110010111100