100100101000100011011011111010110111101100000101
01001100000011010100001101000010011100011000000010010100000101011001100001111111001110101101110101100100101011101110011011111010101101110000000100001001101110110100000100000101010101001010001000001100
01101010000101001010000010010010111000011100010000011011101101001010110110110000101000111001000000110101001011001111001101110101101111001110001001011111101011000110010000110000100110111011011101111110
01101111101010110110000100101010010101010001101000001011100000100011001011111000000110010111111110100111101000001100110110110101110011010100110111100011110100100011010110011101011010001110110010011001
11100011111000111100010100101110001010100000110111111010000011101101100000000011110100101000110101001111000111000001000000000110000110001010000101110011010100101011001101100111011011000100111011100000
11011010011111010101011000111100101100010000100111001110101000010011101101101101110001000000110110100000110100111001011011011000100010000100100001100111110010010010010001100000110010010000011111010101
10100110101111001001011101001100000100010110100100110001111010100010100101001111101011111111110100111001011011001111001001001110111110111111101010110000100100001010100010110100011100001010011001010100
01000011111000101111110010111011001011010111101110011010101010000110100110011000011111001111010111000011000100001011001011111101100100101001111000110011000100011011110010000101111100100010001010110111
11010011011011001000011111010001010100000011110001101010110110110010101011001111001001101100001011011110010100111110011010011100000111110000111111010011011100011000010100111111110110111011011000101010
10100001000001011010101101010010000000010101100001000101111000000011001111010101101001000011011011100101101000000010000010100100110001100100010000011011001000010110010001000110101100100111000111111001
11010011011010111010110001010110010111101001000101011010011101000010101110011010110101010110100101111111101000011001010111010111101110000000011001110111000110111010010100101001011001001010011101010011
11000100010010000011111010011001011010010001101101011011010001000011011101011110010101001001011100100000101010010001100011000011111111001111010110000011110010111101110011001111100100000110000011101001
10110101010001010111000011001110100101110010001110001100111011001100011110111100001100110000111101111011110110100100101101100001110110100111101010101000001011100010111000011001011011001011100101011110
10100101111011101010110100010000111100010110000101011001100001100111001100110011011000010111011011010100000111111111001101101001110101010000110011001100010110010100110100011011110000000000001011010011
00110000010001110001011001010101110101100110000000101000001101000110100010000111110010000010000101010110111110001001001000011100110011001101010110110110101000111101000000110100011011110100100100100010
01100101101101100110100111100001100110100110110101101010111010011010110101110010000001100011110000001010111010010011010010001110100000010000001010010011111000000111101110110111011111001001000101010101
11011111000011100100100111011000010101110001010111100011100001000111000111101100001101010001001111110101111011001101101011110001111100111000011001111110111101101001010111110111011000100111110110010110
01101011110110001001010110101000111010001110101000010001001011110100111010000101011100100111010101100100100100101111010111110011001100010111001001011011001011101100011001011110101011011100111001011011
10001010110000110001100101000110100000000101110111101101010111010100101111000101010000111001011101010111101111111011000111011100101000110110110000010100101110111111100011001001011110000101001011001100
10111100010111001100000010011000000100000101100001100111011110011101011110011000010101000110110001101010001110101001110100111101110000111110110011110011100100111010001111100111101111111101000010000001
11100101110010010110101101110001000101011111001010011011110110011001010010011001010101010111010000100000111100110111100101010101001011010101001011000111001000001100010110010101000010111110010111001110
01101111001110000101010101000000000100011001101101001111100011011100001010110100100111101111101010101100011011101111011010110010110000000111101101010000000101001111101000000001000001110000000110010000
11001100110001010111000111000010100110100011011010010000111010111101011011100010100100111000010000111011011011110100111000001011100101110010100010001101011000100010100010000000011110111111101100110101
10011110111010101101010111010001000110101111011000110100110111110010111001000100011000001010011011011101110000011101000001110100000010010110110100001010000110101011100000001001110011010100100110001100
00111000011100010001111101100110010110010000110011100100101100001110001101111101001000110000011100111100101010100101110100011001001010011101000000110101101101100011010011111110100100000010010011111010
10000010011110101100011101010010100100000101001011001110110001110101100110000011001001101111010011010111101000010001111011110010011100101000010110101011101010100101100110001010000101000000000101100110
01011010110000000111010010010010011011011011000111011010110000000111001011100100111100100100010101010101001100110110111101111010100010010011111011000000011011110000110000011011011001000000101000110110
00111010001010110000110110100011101010110111100110100011101000000011110010010101100101111100110110111011000101100000000111111000111110100000101011110001000100111000110011101111011000111011101110010110
10000100000101000110000101101101101100011111111001000110111101001110110011111010000011001110001011110110000000001100000010111111000101000101110001011101101101101101110101100001101100110001000010110011
01100000110111110110010000011110110010111010011111001111010111111001101000011011000100010010010101000111101010110111111011111110101100111010011110110000001010001001011011101000001001111010110001110110
11111111001010010011101001011111011100111101110000101101110001110001011110001111010001111101100110101011110001011110010110100000001011100101011111001111101010001010010000111111100010100010101011000111
10111111110010010100111000001110000011111011110011001000111111111010110010001100011011110011110100100101101011110100100110111000000001011100100101111101110111100010011101101100110001101110011010111101
10011111111111000100010111101000100110000101000010010000001000001101111111011111000101101001001110110001010101100110110000001101001111110011010001011100011011001011011100101010100000001111000011111001
11110110100000010010010001100101100100100101101111101001100011011011101111101110001010100111010001110100011001001111000111110011010101111011000011110100010101110111011000001110110101101001010001100001
01010100010010111011100111111100100001001101101111110100101011001100100001111110011101100111000111010111011010001001101111000000101000000001110001101000000111111010100110000000001000110110100011000011
10100011101110100100000000101001100110000101001101011110011010001000110100001001000000000101100110111001100111110011010101110111110011010010110011101011110100110101100011011001101010011010000101111111
01001101110110110000011000001101101101100101011111001101100010100101110011111001110010001101000010001001010000010011001101010111111111110111000100001000000010000011001000011110001110110100000011101001
10011011110110100110111110101000100100110011010011011010011010110100001000000001000111111001000000000111111001010000011110010011001111101100010001111101100010111001101101111001100010000111111101101001
10000001000001100101010110000100001110110001100101011000110011000101100100000011011111100000001001100110110011111001100110011100111110100101101100111011000110100110110101111110110110110010001010101011
00101100010111011010010010001010111011001011010001001000001000100010010100101101000001101000110101101010110000100111010010111000110001010101101101111000100010001010011101110001100001001100010110001110
00110100110001011000101001100001000010010110100101101010011010110100111010110101011000011101101001110000010001110010111001010101010110110001100010101011101100011111110000100010010000001011001001010111
01011101011110111011101001111110001101101111110010000001101011110111011101110100110010011110010100110100010000100010001000011110000110111110001011100011001000111100011100001011101010000011001001000101
11010110111110000001010001101111101001010110111000111110110100111100011101101010100010011110111011001000001010001011010011010001110110110100111001011000010101001011010001010100010011011011010110000101
00100011010000011010100000110000100110010100011100010110111010111001101111000101011000001101101011000101001100101010000010111000010011011101110011011111101100011100011111100011010000010100000001100001
01001101000100000110100000000011100100111000101101111011100001011101101001000110000111100011001010111010110101001000100000110110100100000011111000110100110111110001101110111100101110000001001001010010
10011101110100010010100110100111101000011110100000010100010111011010001011101100011000101101010101110010001100011101101000010000001101000110011111000011111000110001111010010110110101011001101011111111
00100100001001001111011011101100010010110110110111010001101100001111111001111110111001101110100011100110111010101000110010101011011110100110011100001111010010100110000100000011011000111011111101001010
11000110100000010011110100011001101011101000110001111000010001100011110001101010110011001110110101110010100111111101111000100100101010011101101011110100110100110010001001111011110000011110000101010010
01010100110100100011101110101101000100110000000011101001001010001000110110111110101101111011000001010100110000001101010000110100001001110001100000001001010000010101100110000111111100111111010001000011
01001010111011100110111110101011011100000001000010011011101101000001000001010101010010100010000011000110101000010100101000001001001011100001110001000001101110110100101011011011000010100011100100000011
01010010110011110011011101011011110011100010010111111010110001100100001100001001101110110111011111100110111110101011011000010010101001010101000110100000101110000010001100101111100000011001011111111010
01111010000011001101101101011100110101001101111000111101001000110101100111010110100011101100100110011110001111100011110001010010111000101010000011011111101000001110110110000000001111010010100011010100
11110001110000010000000001100001100010100001011100110101001010110011011001110110110001001110111000001101101001111101000010111011110010110001000010011100111010100001001110110110110111000100000011011010
00001101001110010110110110001000100001001000011001111100100100100100011000001100100100000111110101011010011010111100100101110100110000010001011010010011000111101010001010010100111110101111111111010011
10010110110011110010010011101111101111111010101100001001000010101000101101000111000010100110010101000100001111100010111111001011101100101101011110111001101010101000011010011001100001111100111101011100
00110001000010110010111111011001001010011110001100110001000110111100100001011111001000100010101101111101001101101100100001111101000101010000001111000110101011011011001010101100111100100110110000101101
11100101001111100110100111000001111100001111110110111001001011000111101111011010010010110110000111011010011110101010100000101110001011100001100101101100101110010101111010100101111011101010110100010000
11110001011000010101100110000110011100110011001101100001011101101101010000011111111100110110100111010101000011001100110001011001010011010001101111000000000000101101001100110000010001110001011001010101
11010110011000000010100000110100011010001000011111001000001000010101011011111000100100100001110011001100110101011011011010100011110100000011010001101111010010010010001001100101101101100110100111100001
1001101001101101