00111101
11011110111011101111001101101010100000000001000000000110110110001100101111000100010010010100011101100111000010011000000100101000011111010111111000000001110111011001000110111111001100100001110101000011
11101101110001000111100100010100111011110010001111101010101111011011110001011010110001110100111010010100111000011111000001101001101011000100100111000001011000010010001100111010100011001110000001001100
10111010110111011011110000011111001111010001111111011110001001001000110100000110111000010101000100100010001011010011111001111110110011001010111001101010001000010000000110001111001110110100001000000001
01000101001011000111001000001100010110010101000010111110010111001110011011110011100001010101010000000001000110011011010011111000110111000010101101001001111011111010101011000110111011110110101100101100
00000111101101010000000101001111101000000001000001110000000110010000110011001100010101110001110000101001101000110110100100001110101111010110111000101001001110000100001110110110111101001110000010111001
01110010100010001101011000100010100010000000011110111111101100110101100111101110101011010101110100010001101011110110001101001101111100101110010010100011001001110001011011001110001011101010000100000010
11001011110000101101001011110111011010101110010001100010111001100110100101100011101010101111100100010000111000101110011110101111000011110011011111010010001100000111001111001010101001011101000110010010
10011101000000110101101101100011010011111110100100000010010011111010100000100111101011000111010100101001000001010010110011101100011101011001100000110010011011110100110101111010000100011110111100100111
00101000010110101011101010100101100110001010000101000000000101100110010110101100000001110100100100100110110110110001110110101100000001110010111001001111001001000101010101010011001101101111011110101000
10010011111011000000011011110000110000011011011001000000101000110110001110101001110100000100110110111111110100111110010110111101000000111100111000000100001101000110010101010010100110101000011101001101
01110000111101110010101010011100111001110101100110011101011101001001100001000001010001100001011011011011000111111110010001101111010011101100111110100000110011100010111101100000000011000000101111110001
01000101110001011101101101101101110101100001101100110001000010110011011000001101111101100100000111101100101110100111110011110101111110011010000110110001000100100101010001111010101101111110111111101011
00111010011110110000001010001001011011101000001001111010110001110110111111110010100100111010010111110111001111011100001011011100011100010111100011110100011111011001101010111100010111100101101000000010
11100101000101100101111101000111000000111111011001010011010101000011110101111110011010101101101001110010011111010100011011100101111101010100010011100011011100110100100110001111110100100110011101101000
01011100100101111101110111100010011101101100110001101110011010111101100111111111110001000101111010001001100001010000100100000010000011011111110111110001011010010011101100010101011001101100000011010011
11110011010001011100011011001011011100101010100000001111000011111001111101101000000100100100011001011001001001011011111010011000110110111011111011100010101001110100011101000110010011110001111100110101
01111011000011110100010101110111011000001110110101101001010001100001010101000100101110111001111111001000010011011011111101001010110011001000101111011011000100010000110000111011010001000101010010001111
00101010110000111100100001011101010011100010100110010001111011100001110100011101110110100010101101001110010010101001001001110001010010001101000010010000000001011001101110011001111100110101011101111100
11010010110011101011110100110101100011011001101010011010000101111111010011011101101100000110000011011011011001010111110011011000101001011100111110011100100011010000100010010100000100110011010101111111
11110111000100001000000010000011001000011110001110110100000011101001100110111101101001101111101010001001001100110100110110100110101101000010000000010001111110010000000001111110010100000111100100110011
11101100010001111101100010111001101101111001100010000111111101101001100010101000101110001010011010101011110100000110001011000100010000000110100010010001011110100001001100010100010101101100010011000111
01010010011100011101000001010011011000011111011011111001100101011011001011000101110110100100100010101110110010110100010010000010001000100101001011010000011010001101011010101100001001110100101110001100
01010101101101111000100010001010011101110001100001001100010110001110001101001100010110001010011000010000100101101001011010100110101101001110101101010110000111011010011100000100011100101110010101010101
10110001100010101011101100011111110000100010010000001011001001010111010111010111101110111010011111100011011011111100100000011010111101110111011101001100100111100101001101000100001000100010000111100001
10110111000111011011101100011100001100100111011111100001100110001010011000010111111010000000000111011101100010110111001101111100101101001011001101110110011001011101111011101001111001110000010000001101
10110100111001011000010101001011010001010100010011011011010110000101001000110100000110101000001100001001100101000111000101101110101110011011110001010110000011011010110001010011001010100000101110000100
11011101110011011111101100011100011111100011010000010100000001100001010011010001000001101000000000111001001110001011011110111000010111011010010001100001111000110010101110101101010010001000001101101001
00000011111000110100110111110001101110111100101110000001001001010010100111011101000100101001101001111010000111101000000101000101110110101001010111000011000101101000101100010011000001000111000010001011
10101001101101000011110110011010010111101001110000101100111101111101101110000001000001111001110111000000010100010110110010100111000011111110011111101110011011101000111001101110101010001100101010110111
10100110011100001111010010100110000100000011011000111011111101001010110001101000000100111101000110011010111010001100011110000100011000111100011010101100110011101101011100101001111111011110001001001010
10011101101011110100110100110010001001111011110000011110000101010010010101001101001000111011101011010001001100000000111010010010100010001101101111101011011110110000010101001100000011010100001101000010
01110001100000001001010000010101100110000111111100111111010001000011000011011101110100011111111111110001001000101010010001110101001010001000101010000010110100110010110000111101101010100111000011101011
01011000010010001010110111011000110101101101101011110011011000000011010100101100111100110111010110111100111000100101111110101100011001000011000010011011101101110111111001101111101010110110000100101010
01010101000110100000101110000010001100101111100000011001011111111010011110100000110011011011010111001101010011011110001111010010001101011001110101101000111011001001100111100011111000111100010100101110
00101010000011011111101000001110110110000000001111010010100011010100111100011100000100000000011000011000101000010111001101010010101100110110011101101100010011101110000011011010011111010000101110111100
11010000100011001100111101010010101101010011010001100010001011000111000011101011110000010100010011001100000001101001000101000110000110000011100011000110001000111100000011110011010101000110001101001100
00010001011010010011000111101010001010010100111110101111111111010011100101101100111100100100111011111011111110101011000010010000101010001011010001110000101001100101010001000011111000101111110010111011
00101101011110111001101010101000011010011001100001111100111101011100001100010000101100101111110110010010100111100011001100010001101111001000010111110010001000101011011111010011011011001000011111010001
01010000001111000110101011011011001010101100111100100110110000101101111001010011111001101001110000011111000011111101101110010010110000100011010101101101110100010011011101111000101010001101010110100001
00001010001001101000101001010000000110010100100011111000001100011101100001011000001100001111101011100001100000101000011110110001011001000100011010110010011100011111100111010011011010111010110001010110
01011110100100010101101001110100001010111001101011010101011010010111111110100001100101011101011110111000000001100111011100011011101001010010100101100100101001110101001111000100010010000011111010011001
01101001000110110101101101000100001101110101111001010100100101110010000010101001000110001100001111111100111101011000001111001011110111001100111110010000011000001110100110110101010001010111000011001110
10010111001000111000110011101100110001111011110000111011001001011011011111101111001001111001000001000101001101011111010000111111000101010010111000011100111111000000011101111010111101011101011010001000
11110000000100000000010011001001100110011001001100110000011101101101010000011111111100110110100111010101000011001100110001011001010011010001101111000000000000101101001100110000010001110001011001010101
11010110011000000010100000110100011010001000011111001000001000010101011011111000100100100001110011001100110101011011011010100011110100000011010001101111010010010010001001100101101101100110100111100001
10011010011011010110101011101001101011010111001000000110001111000000101011101001001101001000111010000001000000101001001111100000011110111011011101111100100100010101010111011111000001110010010011101110
00101011000010000111100101101010000110100101010000010000100000011101001001111100110001110111101011010001111010011001010111110011010010100111100100111011001101001100101100110111011011000110010110101000
11101000111010100001000100101111010011101000010101110010011101010110010010010010111101011111001100110001011100100101101100101110110001100101111010101101110011100101101110001010110000110001100101000110
10000000010111011110110101011101010010111100010101000011100101110101011110111111101100011101110010100011011011000001010010111011111110001100100101111000010100101100110010111100010111001100000010011000
00010000010110000110011101111001110101111001100001010100011011000110101000111010100111010011110111000011111011001100100101101110010111101010001010101001001001001000111100101000100100101111011001101010
11101000100010100100101101111011011001001101101010001110110101111010101010101101010010111011011110001101011110110101011011000110110100101011100101010010111010001000110100101110010000011000101000101100
00101010101000000001100100111101110111101110111011110011011010101000000000010000000001101101100011001011110001000100100101000111011001110000100110000001001010000111110101111110000000011101110110010001
10111111001100100001110101000011111011011100010001111001000101001110111100100011111010101011110110111100010110101100011101001110100101001110000111110000011010011010110001001001110000010110000100100011
00111010100011001110000001001100101110101101110110111100000111110011110100011111110111100010010010001101000001101110000101010001001000100010110100111110011111101100110010101110011010100010000100000001
10001111001110110100001000000001010000101011010000010010000011000101100101010000101111100101110011100110111100111000010101010100000000010001100110110100111110001101110000101011010010011110111110101010
11000110111011110110101100101100000001111011010100000001010011111010000000010000011100000001100100001100110011000101011100011100001010011010001101101001000011101011110101101110001010010011100001000011
10110110111101001110000010111001011100101000100011010110001000101000100000000111101111111011001101011001111011101010110101011101000100011010111101100011010011011111001011100100101000110010011100010110
11001110001011101010000100000010110010111100001011010010111101110110101011100100011000101110011001101001011000111010101011111001000100001110001011100111101011110000111110110001110010110011000001110011
11001010101001011101000110010010100111010000001101011011