00010001101110101101001001010001000001100101010110000100001110110001100101011000110011000101100100000011011111100000001001100110110011111001100110011100111110100101101100111011
00011010011011010111111011011011001000101010101100101100010111010100100000000101100010000010100011000101000001000000101100011010000011010100101110000100110000001011100000110101110111101111011010100001
00000100010111101010001100011101100011110100100001101100110011100101010110000110000101111001001010000000100000111000100001101010100000111110000010110100100111100101100111111110101001100111000000010010
01110011101111010101010010000100011000011011111010101011111100110010010011111000011111011110110101000010000110101011111011101100100000111100111100111101100001010100000000101000011001111110001011100011
00100011110001110000101110101000001100100100010111010110111110000001010001101111101001010110111000111110110100111100011101101010100010011110111011001000001010001011010011010001110110110100111001010101
10111101011011011011110111011110011011110101101101010011100100100101000001110001001000101001101100111101110100100111011010011110100000011110000011001111011101000100000101100000100110111110100111111110
01100111110010111001011011010110110100011000011111001110011101011000010000010011001100110101011010100111000010101011000010001100001110010111010101100000101110000000010101101001011001000110110101111101
10111111001000100010110000100100001000011010000100111010111000100100001000001010010001101001010100111101101010100001001011101100011000101101010101110010001100011101101000010000001101000110011111000011
11100011000111101001011011010101100110101111111100100100001001001111011011101100010010110110110111010001101100001111111001111110110110011001000011011100110100010000110101010110101100001001101001001111
11010001100101110001011111010111001110101001010110001000000001110010111101100011000110010101110010100100100111010111100111010000110011001101101011100100001011101111100101001001000100101110010010111100
11110110010001001111001111010011110000101011010110111101101001000111011100001111011001100000000111000011010001000000111100101100001010100010000110101100110100001011100100101001010110110011000100010110
10000111111100100100111110110110101011011101011001001010111011100110111110101011011100000001000010011011101101000001000001010101010010100010000011000110101000010100101000001001001011100001110001000001
10111011010010101101101100001010001110010000001101010010110011100011101011110111100111000000111111110101110111001001011000010110011100111010111111011101111101010111100001100000010111101111001000010000
01110001000000100000101101010011011111101111010110110100000111011110011111111100101111001110110000111110010100101110001110101000010110011101011001101001011011010011100110100000110101000100000011111011
00010001110110110100000100111110010000011110100010100010100101100001010111000111000101010110111100111011010000110110110110101001110110011100110000001111000011111110010101100011110010110001000010011100
11101010000100111011011011011100010000001101101000001101001110010110110110001000100001001000011001111100100100100100011000001100100100000111110101011010011010111100100101110100110000010001011001110011
00111000010101000110100110110101111111101010001100101101110010100000110110011010001111110100011101000010000101000001011111011010010000001100101111011100001010010001101110000111011100001011111000110010
01010001000010010110001000001110100111111110110000110110000001110000111110100010000100111000011100100010011000111001000011111110000001000100001111111110011110001100000111101111011011100100011111001000
00011010011101000101100010100000100110000100111111001011001110011100011011010110111000011111111000110111000110000101001111111101101110110110001010101010000100000101101010110101001000000001010110000100
01011110000000110011110101011010010000110110111001011010000000100000101001001100011001000100000110110010000101100100010001100111010110110011111001101010001011000110010010001110100011101000011101101010
00001011110000010011001000001011101010010010101011100001001100101011111010110010000101001100101111100110001100001010000101111100110000011010111001101100110010000101001111010011011010000011001000111111
00101100100100111011101011011011100101101111000001000101001101100001110101111110110111101011000100101001001111101000110111110110000110000100110101100010101010011110101101011000100101111111000100110100
11001000100010001110011110000011001100001111011110111101101001001011011000011101101001111010101010000010111000101110000110010110110010111001010111101010010111101110101011010001000011110001011000010101
10011000011001110011001100110110000101110110110101000001111111110010100000111111101001011100100010011011001110001011001001101001010100000101101100110010000110011010011110011111111010111000110101010100
01000111100011010100010111101001000001000010101111001010000001100101011010001100100011111110001010000001011010110000001111011101111110000110010001011001101101101000100001111101011101100100110010111100
00001001011001001111111000000100110000101100010000001000001001101001000110010100011000010100011000101000000111100011011110111111110001100011111011101011111101001110010010011101100001010111000101011110
00111000010001110001111011000011010100010011111101011110110011011010111100011111001110000110011111101111011010010101111101110110001001111101100101100110101111011000100101011010100011101000110000000011
01110100111011001001010110101010010011111011110010010111010110101010111000110110011011110101111101110001100111011100101010000000101010011100111001100101010010000010011000101001100100010000111011101000
10111110101111000011110110101000011001101110101011110111101100110010111010000001011111001100001010010110001010100101110100111011010111110101110011010110100011111100100100000111010000100101101001011000
10111110011111101010011001001010100110001001100100010111010001101111001010101100011111011100110001111100100011111001010000000101011001011001000011100100000000110101101010001000000110010001010000011101
00111111011011001101111100010101100110101010000001000101101111010010001110100000101010110111101010001100011011010010101100101010010111010000010011110001110110010110000000000000100000000000010001010010
01110110111011101001110110001110011111010101010101000011010101011001111100011100001010011101100000101000101011011111000000100000001100000000111010101110110001000010101110100110001101101111001100010110
10101101011111001011110110011110001101101000100111110001011110000101001011110110100110110100110011101001100100111100110000101011010111010111000110001100011111010111110000100100001000100101010110011001
00001100110100110101101011110011100100111010001111100111101111111101000010000001111001011100100101101011011100010001010111110010100110111101100110010100100110010101010101110100001000001111001101111001
01010101001011010101001011000111001000001100010110011111010100101100101011001001110011100010000110101111100100010010011101110110100010110000111111010100001110010111110010110000000111001000100010111100
01110100100100001110011010110001001111011010010000010111000010100101011100110001100111001000111111110111110100000110010001111000001000001000001110111000110101000010001100001100001100111100111110001100
01010110001010110001010100001111100100000000000000000001101100111111001101111110011010011101010010101011111100100110000011111001001010001111101100011001110101000110000010100110110111011100000111010000
01110100000010010110110100001010000110101011100000001001110011010100100110001100001110000111000100011111011001100101100100001100111001001011000011100011011111010010001100000111001111000000010111111010
00110111000001111110010101111010011011010011110110111000001001000000110111110000000000001110000011001111101101000110000110100101100110001000111110110011000001100101100110101000111111100101011100111100
11110000111101000101101001010010000000011010001000010101011110010101011111011101101101011001010110101001011001001001111101100011101101011100000110110101110110011110000111011010111110110011011011001011
11100100000100100011110011010000100111100100110101110110100011010000010100101001011100000010101100001101101000111010101101111001101000111010000000111100100101011001011111001101101110110001011000000001
11111000111110100000101011110001000100111000110011101111011000111011101110010110100001000001010001100001011011011011001111101100100111011011110111001100111101010100100010000101111011000100000010000100
00101011001011001111110011111010001111001011111110000010001100110110000001100011110100011010101011001001011011011001001101011110100011111010111101100101001101100010001100001011100011100001001011111101
11101100011001110101111101110001010100010010100110000001000011110000110110111000101111110000011100100000101110111011001011111100000111101000101100101010000010101101111111100111010001101000111011011111
00000101010011001110011111001111101010001010010000111111100010100010101011000111101111111100100101001110000011100000111110111100110010001111111110101100100011000110111100111101001001011010111101001001
10111000000001011100100101111101110111100010011111001100110110011000100100111110011010111110110111011110100100000110010011100101011001010000000111111010111011100111100000110010011001111011100010011100
01001110011110100110110111101100110011000010111001000000000000011011000010110111111110010000001001001000110010110011000011110011110100100000111101100110110111000101000111111101111011001001100110100110
11110011111110100011000010101000111111101010100000011101101010000011110010010011111111001000001101100110111111000101100111100110111010010101100111000100011111100111011001110001110101110110100010011011
11000000101000000001110001101000000111111010100110000000001000110110100011000011101000111011101001000000001010011001100001010011010111100110100010001101000010010000000001011001101101110110111100101010
11101011100110110000100111000010101101101110000111110110000100110000011111101110100010101111001101001100010011110011100110101110100011100000010011111001101001101000010011110001000000101100001101100011
11111011111110101111011100000001000001000111000100101000001100111101000010000010011100101110010111011111000001010110001100111000101001011001001010010000010000110111111101110001010110111001111101001110
00100111011110011001100110101110010001110010001110100010000100011011101011010010010100010000011001010101100001000011101100011001010110001100110001011001000000110111111000000010011001101100111110011001
10011100111110100101101100111011000110100110110101111110110110110010001010101011001011000101110110100100100010101000100000101000110001010000010000001011000110100000110101001011100001001100000010111000
00110101110111101111011010100001000001000101111010100011000111011000111101001000011011001100111001010101100001100001011110010010100000001000001110001000011010101000001111100000101101001001111001011001
11111110101001100111000000010010011100111011110101010100100001000110000110111110101010111111001100100100111110000111110111101101010000100001101010111110111011001000001111001111001111011000010101000000
00101000011001111110001011100011001000111100011100001011101010000011001001000101110101101111100000010100011011111010010101101110001111101101001111000111011010101000100111101110110010000010100010110100
11010001110110110100111001011000010101001011110110111101110111100110111101011011010100111001001001010000011100010010001010011011001111011101001001110110100111101000000111100000110011110111010001000001
01100000100110111110100111111110011001111100101110010110110101101101000110000111110011100111010110000100000100110011001101010110101001110000101010110000100011000011100101110101011000001011100000000101
0110100101100100011011010111110110111111001000100010110000100100001000011010000100111010