0110101011101001101011010111001000000110001111000000101011101001001101001000111010000001000000101001001111100000011110111011011101111100100100010101010111011111000001110010010011101111
10010100000001010110010110010000111001000000001101011010100010000001100100010100000111010011111101101100110111110001010110011010101000000100010110111101001000111010000010101011011110101000110001101101
00101011100101010010111010001000110100101110010000011000101000101100001010101010000000011001001111011101111011101110111100110110101010000000000100000000011011011000110010111100010001001001010001110110
01110000100110000001001010000111110101111110000000011101110110010001101111110011001000011101010000111110110111000100011110010001010011101111001000111110101010111101101111000101101011000111010011101001
01001110000111110000011010011010110001001001110000010110000100100011001110101000110011100000010011001011101011011101101111000001101000111110011110111111110100001000000111100101110010010110101101110001
00010101111100101001101111011001100101001001100101010101011101000010000011110011011110010101010100101101010100101100011100100000110001011001010100001011111001011100111001101111001110000101010101000000
00010001100110110100111110001101110000101011010010011110111110101010110001101110111101101011001011000000011110110101000000010100111110100000000100000111000000011001000011001100110001010111000111000010
10011010001101101001000011101011110101101110001010010011100001000011101101101111010011100000101110010111001010001000110101100010001010001000000001111011111110110011010110011110111010101101010111010001
00011010111101100011010011011111001011100100101000110010011101101101110111000001110100000111010000001001011011010000101000011010101110000000100111001101010010011000110000111000011100010001111101100110
01011001000011001110010010110000111000110111110100100011000001110011110010101010010111010001100100101001110100000011010110110110001101001111111010010000001001001111101010000010011110101100011101010010
10010000010100101100111011000111010110011000001100100110111101001101011110100001000111101111001001110010100001011010101110101010010110011000101000010100000000010110011001011010110000000111010010010010
01101101101100011101101011000000011100101110010011110010010001010101010100110011011011110111101010001001001111101100000001101111000011000001101101100100000010100011011000111010100111010000010010001010
01000011111110001010001010101100011110111111110010010100111000001110000011111011110011001000111111111010110010001100011011110011110100100101101011110100100110111000000001011100100101111101110111100010
01110110110011000110111001101011110110011111111111000100010111101000100110000101000010010000001000001101111111011111000101101001001110110001010101100110110000001101001111110011010001011100011011001011
01110010101010000000111100001111100111110110100000010010010001100101100100100101101111101001100011011011101111101110001010100111010001110100011001001111000111110011010101111011000011110100010101110111
01100000111011010110100101000110000101010100010010111011100111111100100001001101101111110100101011001100100010111101101100010111000111010111011010001001101111000000101000000001110001101000000111111010
10011000000000100011011010001100001110100011101110100100000000101001100110000101001101011110011010001000110100001001000000000101100110111001100111110011010101110111110011010010110011101011110100110101
10001101100110101001101000010111111101001101110110110000011000001101101101100101011111001101100010100101110011111001110010001101000010001001010000010011001101010111111111110111000100001000000010000011
00100001111000111011010000001110100110011011110110100110111110101000100100110011010011011010011010110100001000000001000111111001000000000111111001010000011110010011001111101100010001111101100010111001
10110111100110001000011111110110100110001010100010111000010110000100001110110001100101011000110011000101100100000011011111100000001001100110110011111001100110011100111110100101101100111011000110100110
11010111111011011011001000101010101100101100010111011010010010001010111011001011010001001000001000100010010100101101000001101000110101101010110000100111010010111000110001010101101101111000100010001010
01110111000110000100110001011000111000110100110001011000101001100001000010010110100101101010011010110100111010110101011000011101101001110000010001110010111001010101010110110001100010101011101100011111
11000010001001000000101100100101011101011101011110111011101001111110001101101111110010000001101011110111011101110100110010011110010100110100010000100010001000011110000110110111000111011011001000111100
01110000101110101000001100100100010111010110111110000001010001101111101001010110111000111110110100111100011101101010100010011110111011001000001010001011010011010001110110110100111001011000010101001011
01000101010001001101101101011000010100100011010000011010100000110000100110010100011100010110111010111001101111000101011000001101101011000101001100101010000010111000010011011101110011011111101100011100
01111110001101000001010000000110000101001101000100000110100000000011100100111000101101111011100001011101101001000110000111100011001010111010110101001000100000110110100100000011111000110100110111110001
10111011110010111000000100100101001010011101110100010010100110100111101000011110100000010100010111011010100101011100001100101101010101110010001100011101101000010000001101000110011111000011111000110001
11101001011011010101100110101111111100100100001001001111011011101100010010110110110111010001101100001111111001111110111001101110100011100110111010101000110010101011011110100110011100001111010010100110
00010000001101100011101111110100101011000110100000010011110100011001101011101000110001111000010001100011110001101010110011001110110101110010100111111101111000100100101010011101101011110100110100110010
00100111101111000001111000010101001001010100110100100011101110101101000100110000000011101001001010001000110110111110101101111011000001010100110000001101010000110100001001110001100000001001010000010101
10011000011111110011111101000100001100001101110111011100111010100001001110110110110111000100000011011010000011010011100101101101100010001000010010000110011111001001001001000110000011001001000001111101
01011010011010111100100101110100110000010001011010010011000111101010001010010100111110101111111111010011100101101100111100100100111011111011111110101011000010010000101010001011010001110000101001100101
01000100001111100010111111001011101100101101011110111001101010101000011010011001100001111100111101011100001100010000101100101111110110010010100111100011001100010001101111001000010111110010001000101011
01111101001101101100100001111101000101010000001111000110101011011011001010101100111100100110110000101101111001010011111001101001110000011111000011111101101110010010110000100011010101101011101101100010
10101010000100000101101010110101001000000001010110000100010111100000001100111101010110100100001101101110010110100000001000001010010011000110010001000001101100100001011001000100011010110010011100011111
10011101001101101011101011000101011001011110100100010101101001110100001010111001101011010101011010010111111110100001100101011101011110111000000001100111011100011011101001010010100101100100101001110101
00111100010001001000001111101001100101101001000110110101101101000100001101110101111001010100100101110010000010101001000110001100001111111100111101011000001111001011110111001100111110010000011000001110
10011011010101000101011100001100111010010111001000111000110011101100110001111011110000111011001001011011011111101111010010110110000111011010011110101010100000101110001011100001100101101100101110010101
11101010010111101110101011010001000011110001011000010101100110000110011100110011001101100001011101101101010000011111111100110110100111010101000011001100110001011001010011010001101111000000000000101101
00110011000001000111000101100101010111010110011000000010100000110100011010001000011111001000001000010101011011111000100100100001110011001100110101011011011010100011110100000011010001101111010010010010
00100110010110110110011010011110000110011010011011010110101011101001101011010111001000000110001111000000101011101001001101001000111010000001000000101001001111100000011110111011011101111100100100010101
01011101111100000111001001001110111000101011000001011110001110000100011100011110110000110101000100111111010111101100110110101111000111110011100001100111111011110110100101011111011101100010011111011001
01100110101111011000100101011010100011101000111010100001000100101111010011101000010101110010011101010110010010010010111101011111001100110001011100100101101100101110110001100101111010101101110011100101
10111000101011000011000110010100011010000000010111011110110101011101010010111100010101000011100101110101011110111111101100011101110010100011011011000001010010111011111110001100100101111000010100101100
11001011110001011100110000001001100000010000010110000110011101111001110101111001100001010100011011000110101000111010100111010011110111000011111011001100100101101110010111101010001001010110010110010000
11100100000000110101101010001000000110010001010000011101001111110110110011011111000101011001101010100000010001011011110100100011101000001010101101111010100011000110110100101011100101010010111010001000
11010010111001000001100010100010110000101010101000000001100100111101110111101110111011110011011010101000000000010000000001101101100011001011110001000100100101000111011001110000100110000001001010000111
11010111111000000001110111011001000110111111001100100001110101000011111011011100010001111001000101001110111100100011111010101011110110111100010110101100011101001110100101001110000111110000011010011010
11000100100111000001011000010010001100111010100011001110000001001100101110101101110110111100000111110011110100011011111111010000100000011110010111001001011010110111000100010101111100101001101111011001
10010100100110010101010101110100001000001111001101111001010101010010110101010010110001110010000011000101100101010000101111100101110011100110111100111000010101010100000000010001100110110100111110001101
11000010101101001001111011111010101011000110111011110110101100101100000001111011010100000001010011111010000000010000011100000001100100001100110011000101011100011100001010011010001101101001000011101011
11010110111000101001001110000100001110110110111101001110000010111001011100101000100011010110001000101000100000000111101111111011001101011001111011101010110101011101000100011010111101100011010011011111
00101110010010100011001001110001011011001110000111010000011101000000100101101101000010100001101010111000000010011100110101001001100011000011100001110001000111110110011001011001000011001110010010110000
11100011011111010010001100000111001111001010101001011101000110010010100111010000001101011011011000110100111111101001000000100100111110101000001001111010110001110101001010010000010100101100111011000111
01011001100000110010011011110100110101111010000100011110111100100111001010000101101010111010101001011001100010100001010000000001011001100101101011000000011101001001001001101101101100011101101011000000
01110010111001001111001001000101010101010011001101101111011110101000100100111110110000000110111100001100000110110110010000001010001101100011101010011101000001001101101111111101011110011010001110100000
00111100100101011001011111001101101110110001011000000001111110001111101000001010111100010001001110001100111011110110001110111011100101101000010000010100011000010110110110110001111111100100011011110100
11101100111110100000110011100010111101100000000011000000101111110001010001011100010111011011011011011101011000011011001100010000101100110110000011011111011001000001111011001011101001111100111101011111
10011010000110110001000100100101010001111010101101111110111111101011001110100111