1011000011011010001110101011011110011010
00111010000000111100100101011001011111001101101110110001011000000001111110001111101000001010111100010001001110001100111011110110001110111011100101101000110001101001110001101101101100110011111011001001
11011011110111001100111101010100100010000101111011000100000010000100001010110010110011111100111110100011110010111111100000100011001101100000011000111101000110101010110010010110110110010011010111101000
11111010111101100101001101100010001100001011100011100001001011111101111011000110011101011111011100010101000100101001100000010000111100001101101110001011111100000111001000001011101110110010111111000001
11101000101100101010000010101101111111100111010001101000111011011111000001010100110011100111110011111010100010100100001111111000101000101010110001111011111111001001010011100000111000001111101111001100
10001111111110101100100011000110111100111101001001011010111101001001101110000000010111000010111010101010100001001111110011001101100110001001001111100110101111101101110111101001000001100100111001010110
01010000000111111010111011100111100000110010011001111011100010011100010011100111101001101101111011001100110000101110010000000000000110110000101101111111100100000010010010001100101100110000111100111101
00100000111101100110110111000101000111111101111011001001100110100110111100111111101000110000101010001111111010101000000111011010100000111100100100111111110010000011011001101111110001011001111001101110
10010101100111000100011111100111011001110001110101110110100010011011110000001010000000011100011010000001111110101001100000000010001101101000110000111010001110111010010000000010100110011000010100110101
11100110100010001011010000100100010110100110011101110110111100101010111010111001101100001001110000101011011011100001111101100001001100000111111011101000101011110011010011000100111100111001101011101000
11100000010011111001101001101000010011110001000000101100001101100011111110111111101011110111000000010000010001110001001010000011001111010000100000100111001011100101110111110000010101100011001110001010
01011001001010010000010000110111111101110001010110111001111101001110001001110111100110011001101011100100011100100011101000100001000110111010110100100101000100000110010101011000010000111011000110010101
10001100110001011001000000110111111000000010011001101100111110011001100111001111101001011011001110110001101001101101011111101101101100100010101010110101100011111010010010000000010110001000001010001100
01010000010000001011000110100000110101001011100001001100000010111000001101011101111011110110101000010000010001011110101000110001110110001111010010000110110011001110010101011000011000010111100100101000
00001000001110001000011010101000001111100000101101001001111001011001111111101010011001110000000100100111001110111101010101001000010001100001101111101010101111110011001001001111100001111101111011010100
00100001101010111110111011001000001111001111001111011000010101000000001010000110011111100010111000110010001111000111000010111010100000110010010001011101011011111000000101000110111110100101011011100011
11101101001111000111011010101000100111101110110010000010100010110100110100011101011111011001111101011011110101101101101111011101111001101111010110110101001110010010010100000111000100100010100110110011
11011101001001110110100111101000000111100000110011110111010001000001011000001001101111101001111111100110011111001011100101101101011011010001100001111100111001110101100001000001001100110011010101101010
01110000101010110000100011000011100101110101011000001011100000000101011010010110010001101101011111011011111100100010001011000010010000100001101000010011101011100010010000100000101001000110100101010011
11011010101000010010111011000110001011010101011100100011000111011010000100000011010001100111110000111110001100011110100101101101010110011010111111110010010000100100111101101110110001001011011011011101
00011011000010111000101111001101100110010000110111001101000100001101010101101011000010011010010011111101000110010111000101111101011100111010100101011000100000000111001011110110001100011001010111001010
01001001110101111001110100001100110011011010111001000010111011111001010010010001001011100100101111001111011001000100111100111101001111000010101101011011110110100100011101110000111101100110000000011100
00110100010000001111001011000010101000100001101011001101000010111001001010010101101100110001000101101000011111110010010011111011011010101101110101100100101011101110011011111010101101110000000100001001
10111011010000010000010101010100101000100000110001101010000101001010000010010010111000011100010000011011101101001010110110110000101000111001000001101010000010011110001110101111011110011100000011111111
01011101110010010110000101100111001110101111110111011111010101111000011000000101111011110010000100000111000100000010000010110101001101111110111101011011010000011101111001111111110010111100111011000011
11100101001011100011101010000101100111010110011010010110110100111001101000001101010001000000111110110001000111011011010000010011111001000001111010001010001010010110000101011100011100010101011011110011
10110100001101101101101010011101100111001100000011110000111111100101011000111100101100010000100111001110101000010011101101101101110001000000110110100000110100111001011011011000100010000100100001100111
11001001001001000110000011001001000001111101010110100110101111001001011101001001001000101001011100110011100001010100011010011011010111111110101000110010110111001010000011011001101000111111010001110100
00100001010000010111110110100100000011001011110111000010100100011011100001110111000010111110001100100101000100001001011000100000111010011111111011000011011000000111000011111010001000010011100001110010
00100110001110010000111111100000010001000011111111100111100011000001111011110110111001000111110010000001101001110100010110001010000010011000010011111100101100111001110001101101011011100001111111100011
01110001100001010011111111011011101101100010101010100001000001011010101101010010000000010101100001000101111000000011001111010101101001000011011011100101101000000010000010100100110001100100010000011011
00100001100111001000100001110101101100111110011010100010110001100100100011101000111010000111011010100000101111000001001100100000101110101001001010101110000100110010101111101011001000010100110010111110
01100011000010100001011111001100000110101110011011001100100001010011110100110110100000110010001111110010110010010011101110101101101110010110111100000100010100110110000111010111111011011110101100010010
10010011111010001101111101100001100001001101011000101010100111101011010110001001011111110001001101001100100010001000111001111000001100110000111101111011110110100100101101100001110110100111101010101000
00101110001011100001100101101100101110010101111010100101111011101010110100010000111100010110000101011001100001100111001100110011011000010111110111101101011011111111001010000011111110100101110010001001
10110011100010110010011010010101000001011011001100100001100110100111100111111110101110001101010101000100011110001101010001011110100100000100001010111100101000000110010101101000110010001111111000101000
00010110101100000011110111011111100001100100010110011011011010001000011111010111011001001100101111000000100101100100111111100000010011000010110001000000100000100110100100011001010001100001010001100010
10000001111000110111101111111100011000111110111010111111010011100100100111011000010101110001010111100011100001000111000111101100001101010001001111110101111011001101101011110001111100111000011001111110
11110110100101011111011101100010011111011001011001101011110110001001010100010100100101011100000000110111010011101100100101011010101001001111101111001001011101011010101011100011011001101111010111110111
00011001110111001010100000001010100111001110011001010100100000100110001010011001000100001110111010001011111010111100001111011010100001100110111010101111011110110011001011101000000101111100110000101001
01100010101001011101001110110101111101011100110101101000111111001001000001110100001001011010010110001011111001111110101001100100101010011000100110010001011101000110111100101010110001111101110011000111
11001000111110010100000001010110010110010000111001000000001101011010100010000001100100010100000111010011111101101100110111110001010110011010101000000100010110111101001000111010000010101011011110101000
11001000111000000110001010100101110100000100111100011101100101100000000000001000000000000100010100100111011011101110100111011000111001111101010101010100001101010101100111110001110000101001110110000010
10001010110111110000001000000011000000001110101011101100010000101011101001100011011011110011000101101010110101111100101111011001111000110110100010011111000101111000010100101111011010011011010011001110
10011001001111001100001010110101110101110001100011000111110101111100001001000010001001010101100110010000110011010011010110101111001110010011101000111110011110111111110100001000000111100101110010010110
10110111000100010101111100101001101111011001100101001001100101010101011101000010000011110011011110010101010100101101010100101100011100100000100110110110111101010010110010101100100111001110001000011010
11111001000100100111011101101000101100001111110101000011100101111100101100000001110010001000101111000111010010010000111001101011000100111101101001000001011100001010010101110011000110011100100011111111
01111101000001100100011110000010000010000011101110001101010000100011000011000011001111001111100011000101011000101011000101010000111110010000000000000000000110110011111100110111111001101001110101001010
10111111001001100000111110010010100011111011000110011101010001100000101001101101110111000001110100000111010000001001011011010000101000011010101110000000100111001101010010011000110000111000011100010001
11110110011001011001000011001110010010110000111000110111110100100011000010110110110100000101111110100011011100000111111001010111101001101101001111011011100000100100000011011111000000000000111000001100
11111011010001100001101001011001100010001111101100110000011001011001101010001111111001010111001111001111000011110100010110100101001000000001101000100001010101111001010101111101110110110101100101011010
10010110010010011111011000111011010111000001101101011101100111100001110110101111101100110110110010111110010000010010001111001101000010011110010011010111011010001101000001010010100101110000001010110000
11011010001110101011011110011010001110100000001111001001010110010111110011011011101100010110000000011111100011111010000010101111000100010011100011001110111101100011101110111001011010000100000101000110
01101101101100110011111011001001110110111101110011001111010101001000100001011110110001000000100001000010101100101100111111001111101000111100101111111000001000110011011000000110001111010001101010101100
10010110110110010011010111101000111110101111011001010011011000100011000010111000111000010010111111011110110001100111010111110111000101010001001010011000000100001111000011011011100010111111000001110010
00001011101110110010111111000001111010001011001010100000101011011111111001110100011010001110110111110000010101001100111001111100111110101000101001000011111110001010001010101100011110111111110010010100
11100000111000001111101111001100100011111111101011001000110001101111001111010010010110101111010010011011100000000101110010010111110101011010011001110111011011110010101011101011100110110000100111000010
10110110111000011111011000010011000001111110111010001010111100110100110001001111001110011010111010001110000001001111100110100110100001001111000100000010110000110110001111111011111110101111011100000001
00000100011100010010100000110011110100001000001001110010111001011101111100000101011000110011100010100101100100101001000001000011011111110111000101011011100111110100111000100111011110011001100110101110
010001110010001110100010