0110101000001001111000111010111101111001110000001111111101011101110010010110000101100111
00111010111111011101111101010111100001100000010111101111001000010000011100010000001000001011010100110111111011110101101101000001110111100111111111001011110011101100001111100101001011100011101010000101
10011101011001101001011011010011100110100000110101000100000011111011000100011101101101000001001111100100000111101000101000101001011000010101110001110001010101101111001110110100001101101101101010011101
10011100110000001111000011111110010101100011110010110001000010011100111010100001001110110110110111001101010110100001000010100010011010001010010100000001100101001000111110000011000111011000010110000011
00001111101011100001100000101000011110111000100100100010100101110011001110000101010001101001101101011111111010100011001011011100101000001101100110100011111101000111010000100001010000010111110110100100
00001100101111011100001010010001101110000111011100001011111000110010010100010000100101100010000011101001111111101100001101100000011100001111101000100001001110000111001000100110001110010000111111100000
01000100001111111110011110001100000111101111011011100100011111001000000110100111010001011000101000001001100001001111110010110011100111000110110101101110000111111110001101110001100001010011111111011011
10110110001010101010000100000101010000111111000101010010111000011100111111000000011101111010111101011101011010001000111100000001000000000100110010011001100110010011001100000011100111001000100001110101
10110011111001101010001011000110010010001110100011101000011101101010000010111100000100110010000010111010100100101010111000010011001010111110101100100001010011001011111001100011000010100001011111001100
00011010111001101100110010000101001111010011011010000011001000111111001011001001001110111010110110111001011011110000010001010011011000011101011111101101111010110001001010010011111010001101111101100001
10000100110101100010101010011110101101011000100101111111000100110100110010001000100011100111100000110011000011110111101111011010010010110110000111011010011110101010000100001000000111010010011111001100
01110111101011010001111010011001010111110011010010100111100100111011001101001100101100110111011011000110101011011110110101101111111100101000001111111010010111001000100110110011100010110010011010010101
00000101101100110010000110011010011110011111111010111000110101010100010001111000110101000101111010010000010000101011110010100000011001010110100011001000111111100010100000010110101100000011110111011111
10000110010001011001101101101000100001111101011101100100110010111100000010010110010011111110000001001100001011000100000010000010011010010001100101000110000101000110001010000001111000110111101111111100
01100011111011101011111101001110010010011101100001010111000101011110001110000100011100011110110000101111011001101010111010001000101001001011011110110110010011011010100011101101011110101010101011010100
10111011011110001101011110110101011011100001010010010101110000000011011101001110110010010101101010100100111110111100100101110101101010101110001101100110111101011111011100011001110111001010100000001010
10011100111001100101010010000010011000101001100100010000111011101000101111101011110000111101101010000110011011101010111101111011001100101110100000010111110011000010100101100010101001011101001110110101
11110101110011010110100011111100100100000111010000100101101001011000101111100111111010100110010010101001100010011001000101110100011011110010101011000111110111001100011111001000111110010100000001010110
01011001000011100100000000111110000101010001001000100010110100111110011111101100110010101110011010100010000100000001100011110011101101000010000000010100001010110100000110011000111000000110001010100101
11010000010011110001110110010110000000000000100000000000010001010010011101101110111010011101100011100111110101010101010000110101010110011111000111000010100111011000001010001010110111110000001000000011
00000000111010101110110001000010101110100110001101101111001100010110101011010111110010111101100111100011011010001001111100010111100001010010111101101001101101001100111010011001001111001100001010110101
11010111000110001100011111010111110000100100001000100101010110011001000011001101001101011010111100111001001110100011111001111011111111010000100000011110010111000010110100101111011101101010111001000110
00101110011001101001011000111010101011111001000100001110001011100111101011110000111110110001110010110001000010011011011011110101001011001010110010011100111000100001101011111001000100100111011101101000
10110000111111010100001110010111110010110000000111001000100010111100011101001001000011100110101100010011110110100100000101110000101001010111001100011001110010001111111101111101000001100100011110000010
00001000001110111000110101000010001100001100001100111100111110001100010101100010101100010101000011111001000000000000000000011011001111110011011111100110100111010100101010111111001001100000111110010010
10001111101100011001110101000110000010100110110111011100000111010000011101000000100101101101000001000011010001100101010100101001101010000111010011010111000011110111001010101001110011100111010110011001
11010111010010010110101010100000001100001011011011010000010111111010001101110000011111100101011110100110110100111101101110000010010000001101111100000000000011100000110011111011010001100001101001011001
10001000111110110011000001100101100110101000111111100101011100111100111100001111010001011010010100100000000110100010000101010111100101010111110111011011010110010101101010010110010010011111011000111011
01011100000110110101110110011110000111011010111110110011011011001011111001000001001000111100110100001001111001001101011101101000110100000101001010010111000000101011000011011010001110101011011110011010
00111010000000111100100111100110101011011010011100100111110101000110111001011111010101000100111000110111001101001001100011111101001001100111011010000000110001101001110001101101101100110011111011001001
11011011110111001100111101010100100010000101111011000100000010000100001010110010110011111100111110100011110010111111100000100011001101100000011000111101000110101010110010010110110110010011010111101000
11111010111101100101001101100010001100001011100011100001001011111101111011000110011101011111011100010101000100101001100000010000111100001101101110001011111100000111001000001011101110110010111111000001
11101000101100101010000010101101111111100111010001101000111011011111000001010100110011100111110011111010100010100100001111111000101000101010110001111011111111000011110010000101110101001110001010011001
00011110111000011101000111011101101000101011010011100100101010010010011100010100111011000010111010101010100001001111110011001101100110001001001111100110101111101101110111101001000001100100111001010110
01010000000111111010111011100111100000110010011001111011100010011100010011100111101001101101111011001100110000101110010000000000000110110000101101111111100100000010010010001100101100110000111100111101
00100000111101100110110111000101000111111101111011001001100110100110111100111111101000110000101010001111111010101000000111011010100000111100100100111111110010000011011001101111110001011001111001101110
10010101100111000100011111100111011001110001110101110110100010011011110000001010000000011000100100010111101000010011000101000101011011000100110001110101001001110001110100000101001101100001111101101111
10011001010101011011010000100100010110100110011101110110111100101010111010111001101100001001110000101011011011100001111101100001001100000111111011101000101011110011010011000100111100111001101011101000
11100000010011111001101001101000010011110001000000101100001101100011111110111111101011110111000000010000010001110001001010000011001111010000100000100111001011100101110111110000010101100011001110001010
01011001001010010000010000110111111101110001010110111001111101001110001001110111100110011001101011100100011100100011101000100001000110111010110100100101000100000110010101011000010000111011000110010101
10001100110001011001000101111110100000000001110111011000101101110011011111001011010010110011011101100110010111011110111010011110011100000100000001100101100011111010010010000000010110001000001010001100
01010000010000001011000110100000110101001011100001001100000010111000001101011101111011110110101000010000010001011110101000110001110110001111010010000110110011001110010101011000011000010111100100101000
00001000001110001000011010101000001111100000101101001001111001011001111111101010011001110000000100100111001110111101010101001000010001100001101111101010101111110011001001001111100001111101111011010100
00100001101010111110111011001000001111001111001111011000010101000000001010000110011111100010111000110010001111000111000010111010100000110010010001011101100110110100001111011001101001011110100111000010
11001111011111011011100000010000011110011101110000000101000101101100101001111010011111011001111101011011110101101101101111011101111001101111010110110101001110010010010100000111000100100010100110110011
11011101001001110110100111101000000111100000110011110111010001000001011000001001101111101001111111100110011111001011100101101101011011010001100001111100111001110101100001000001001100110011010101101010
01110000101010110000100011000011100101110101011000001011100000000101011010010110010001101101011111011011111100100010001011000010010000100001101000010011101011100010010000100000101001000110100101010011
11011010101000010010111011000110001011010101011100100011000111011010000100000011010010001010100000101101001100101100001111011010101001110000111010110101100001001000101011011101100011010110110110101111
00110110000010111000101111001101100110010000110111001101000100001101010101101011000010011010010011111101000110010111000101111101011100111010100101011000100000000111001011110110001100011001010111001010
01001001110101111001110100001100110011011010111001000010111011111001010010010001001011100100101111001111011001000100111100111101001111000010101101011011110110100100011101110000111101100110000000011100
00110100010000001111001011000010101000100001101011001101000010111001001010010101101100110001000101101000011111110010010011111011011010101101110101100100101011101110011011111010101101110000000100001001
10111011010000010000111010111100000101000100110011000000011010010001010001100001100000111000110001100010001111000000111100110101010001100011000001101010000010011110001110101111011110011100000011111111
01011101110010010110000101100111001110101111110111011111010101111000011000000101111011110010000100000111000100000010000010110101001101111110111101011011010000011101111001111111110010111100111011000011
11100101001011100011101010000101100111010110011010010110110100111001101000001101010001000000111110110001000111011011010000010011111001000001111010001010001010010110000101011100011100010101011011110011
10110100001101101101101010011101100111001100000011110000111111100101011000111100101100010000100111001110101000010011101101101101110001000000110110100000101000100110100010100101000000011001010010001111
10000011000111011000010110000011000011111010111000011000001010000111101110001001001000101001011100110011100001010100011010011011010111111110101000110010110111001010000011011001101000111111010001110100
00100001010000010111110110100100000011001011110111000010100100011011100001110111000010111110001100100101000100001001011000100000111010011111111011000011011000000111000011111010001000010011100001110010
00100110001110010000111111100000010001000011111111100111100011000001111011110110111001000111110010000001101001110100010110001010000010011000010011111100101100111001110001101101011011100001111111100011
01110001100001010011111111011011101101100010101010100001000001011010101101010010010100101110000111001111110000000111011110101111010111010110100010001111000000010000000001001100