01110000000100011110001100101011101011010100100010000011
01101001000000111110001101001101111100011011101111001011100000010010010100101001110111010001001010011010011110100001111010000001010001011101101010010101110000110001011010001011000100110000010001110000
10001011101010011011010000111101100110100101111010011100001011001111011111011011100000010000011110011101110000000101000101101100101001111010011111011001111101011011110101101101101111011101111001101111
01011011010100111001001001010000011100010010001010011011001111011101001001110110100111101000000111100000110011110111010001000001011000001001101111101001111111100110011111001011100101101101011011010001
10000111110011100111010110000100000100110011001101010110101001110000101010110000100011001101111110100000111011011000000000111101001010001101010011110001110000010000000001100001100010100001011100110101
00101011001101100111011011000100111011100000110110100111110100001011101111001101000010001100110011110101001010110101001101000110001000101100011100001110101111000001010001001100110000000110100100010100
01100001100000111000110001100010001111000000111100110101010001100011000001101010000010011110001110101111011110011100000011111111010111011100100101100001011001110011101011111101110111110101011110000110
00000101111011110010000100000111000100000010000010110101001101111110111101011011010000011101111001111111110010111100111011000011111001010010111000111010100001011001110101100110100101101101001110011010
00001101010001000000111100100010001010110111110100110110110010000111110100010101000000111100011010101101101100101010110011110010011011000010110111100101001111100110100111000001111100001111110110111001
00101100001000110101011011011101000100110111011110001010100011010101101000010000101000100110100010100101000000011001010010001111100000110001110110000101100000110000111110101110000110000010100001111011
10001001001000101001011100110011100001010100011010011011010111111110101000110010110111001010000011011001101000111111010001110100001000010100000101111101101001000000110010111101110000101001000110111000
01110111000010111110001100100101000100001001011000100000111010011111111011000011011000000111000011111010001000010011100001110010001001100011100100001111011011010110101011101001101011010111001000000110
00111100000010101110100100110100100011101000000100000010100100111110000001111011101101110111110010010001010101011101111100000111001001001110111000101011000010000111100101101010000110100101010000010000
10000001110100100111110011000111011110101101000111101001100101011111001101001010011110010011101100110100110010110011011101101100011010101101111011010110111111110010100000111111101001011100100010011011
00111000101100100110100101010000010110110011001000011001101001111001111111101011100011010101010001000111100011010100010111101001000001000010101111001010000001100101011010001100100011111110001010000001
01101011000000111101110111111000011001000101100110110110100010000111110101110110010010010111100001010010110011001011110001011100110000001001100000010000010110000110011101111001110101111001100001010100
01101100011010100011101010011101001111011100001111101100110010010110111001011110101000101010100100100100100011110010100010010010111101100110101011101000100010100100101101111011011001001101101010001110
11010111101010101010110101001011101101111000110101111011010101101110000101001001010111000000001101110100111011001001010110101010010011111011110010010111010110101010111000110110011011110101111101110001
10011101110010101000000010101001110011100110010101001000001001100010100110010001000011101110100010111110101111000011110110101000011001101110101011110111101100110010111010000001011111001100001010010110
00101010010111010010001111101010101111011011110001011010110001110100111010010100111000011111000001101001101011000100100111000001011000010010001100111010100011001110000001001100101110101101110110111100
00011111001111010001111111011110001001001000110100000110111000010101000100100010001011010011111001111110110011001010111001101010001000010000000110001111001110110100001000000001010000101011010000011001
10001110000001100010101001011101000001001111000111011001011000000000000010000000000001000101001001110110111011101001110110001110011111010101010101000011010101011001111100011100001010011101100000101000
10101101111100000010000000110000000011101010111011000100001010111010011000110110111100110001011010101101011111001011110110011110001101101000100111110110111101001110000010111001011100101000100011010110
00100010100010000000011110111111101100110101100111101110101011010101110100010001101011110110001101001101111100101110010010100011001001110001011011001110001011101010000100000010110010111100001011010010
11110111011010101110010001100010111001100110100101100011101010101111100100010000111000101110011110101111000011111011000111001011000100001001101101101111010100101100101011001001110011100010000110101111
10010001001001110111011010001011000011111101010000111001011111001011000000011100100010001011110001110100100100001110011010110001001111011010010000010111000010100101011100110001100111001000111111110111
11010000011001000111100000100000100000111011100011010100001000110000110000110011110110110001110110101100000001110010111001001111001001000101010101010011001101101111011110101000100100111110110000000110
11110000110000011011011001000000101000110110001110101001110100000100110110111111110100111110010110111101000000111100111000000100001101000110010101010010100110101000011101001101011100001111011100101010
10011100111001110101100110011101011101001001011010101010000000110000101101101101000001011111101000110111000001111110010101111010011011010011110110111000001001000000110111110000000000001110000011001111
10110100011000011010010110011000100011111011001100000110010110011010100011111110010101110011110011110000111101000101101001010010000000011010001000010101011110010101011111011101101101011001010110101001
01100100100111101000001001111010110001110110111111110010100100111010010111110111001111011100001011011100011100010111100011110100011111011001101010111100010111100101101000000010111001010001011001011111
01000111000000111111011001010011010101000011110101111110011010101101101001110010011111010100011011100101111101010100010011100011011100110100100110001111110100100110011101101000000011000110100111000110
11011011001100111110110010011101101111011100110011110101010010001000010111101100010000001000010000101011001011001111110011111010001111001011111110000010001100110110000001100011110100011010101011001001
01101101100100110101111010001111101011110110010100110110001000110000101110001110000100101111110111101100011001110101111101110001010100010010100101000110010011110001111100110101011110110000111101000101
01110111011000001110110101101001010001100001010101000100101110111001111111001000010011011011111101001010110011001000101111011011000100010000110000111011010001000101010010001111001010101100001111001000
01011101010011100010100110010001111011100001110100011101110110100010101101001110010010101001001001110001010011101100001011101010101010000100111111001100110110011000100100111110011010111110110111011110
10010000011001001110010101100101000000011111101011101110011110000011001001100111101110001001110001001110011110100110110111101100110011000010111001000000000000011011000010110111111110010000001001001000
11001011001100001111001111010010000011110110011011011100010100011111110111101001001100110100110110100110101101000010000000010001111110010000000001111110010100000111100100110011111011000100011111011000
10111001101101111001100010000111111101101001100010101000101110001010011010101011110100000110001011000100010000000110100010010001011110100001001100010100010101101100010011000111010100100111000111010000
01010011011000011111011011111001100101010101101101000010010001011010011001110111011011110010101011101011100110110000100111000010101101101110000111110110000100110000011111101110100010101111001101001100
01001111001110011010111010001110000001001111100110100110100001001111000100000010110000110110001111111011111110101111011100000001000001000111000100101000001100111101000010000010011100101110010111011111
00000101110000100010010000001011001001010111010111010111101110111010011111100011011011111100100000011010111101110111011101001100100111100101001101000100001000100010000111100001101101110001110110111011
00011100001100100111011111100001100110001010011000010111111010000000000111011101100010110111001101111100101101001011001101110110011001011101111011101001111001110000010000000110010110001111101001001000
00000101100010000010100011000101000001000000101100011010000011010100101110000100110000001011100000110101110111101111011010100001000001000101111010100011000111011000111101001000011011001100111001010101
10000110000101111001001010000000100000111000100001101010100000111110000010110100100111100101100111111110101001100111000000010010011100111011101110101101010010001000001101101001000000111110001101001101
11110001101110111100101110000001001001010010100111011101000100101001101001111010000111101000000101000101110110101001010111000011000101101000101100010011000001000111000010001011101010011011010000111101
10011010010111101001110000101100111101111101101110000001000001111001110111000000010100010110110010100111101001111101100111110101101111010110110110111101110111100110111101011011010100111001001001010000
01110001001000101001101100111101110100100111011010011110100000011110000011001111011101000100000101100000100110111110100111111110011001111100101110010110110101101101000110000111110011100111010110000100
00010011001100110101011010100111000010101011000010001100001110010111010111101101100000000011110100101000110101001111000111000001000000000110000110001010000101110011010100101011001101100111011011000100
11101110000011011010011111010000101110111100110100001000110011001111010100101011010100110100011000100010110001110000111010111100000101000100110011000000011010010001010001100001100000111000110001100010
00111100000011110011010101000110001100000110101000001001111000111010111101111001110000001111111101011101110010010110000101100111001110101111110111011111010101111000011000000101111011110010000100000111
00010000001000001011010100110111111011110101101101000001110111100111111111001011110011101100001111100101001011100011101010000101100111010110011010010110110100111001101000001101010001000000111110110001
00011011011111010011011011001000011111010001010100000011110001101010110110110010101011001111001001101100001011011110010100111110011010011100000111110000111111011011100100101100001000110101011011011101
00010011011101111000101010001101010110100001000010100010011010001010010100000001100101001000111110000011000111011000010110000011000011111010111000011000001010000111101110001001001000101001011100110011
10000101010001101001101101011111111010100011001011011100101000001101100110100011111101000111010000100001010000010111110110100100000011001011110111000010100100011011100001110111000010111110001100100101
00010000100101100010000011101001111111101100001101100000011100001111101000100001001110000111001000100110001110010000111111100000010001000011111111001111010110000011110010111101110011001111100100000110
00001110100110110101010001010111000011001110100101110010001110001100111011001100011110111100001110110010010110110111111011110010011110010000010001010011010111110100001111110001010100101110000111001111
11000000011101111010111101011101011010001000111100000001000000000100110010011001100110010011001100000011100111001000100001110101101100111110011010100010110001100100100011101000111010000111011010100000
10111100000100110010000010111010100100101010111000010011001010111110101100100001010011001011111001100011000010100001011111001100000110101110011011001100100001010011110100110110100000110010001111110010
11001001