0000010111011110110101011101010010111100010101000011100101110101
01111011111110110001110111001010001101101100000101001011101111111000110010010111100001010010110011001011110001011100110000001001100000010000010110000110011101111001110101111001100001010100011011000110
10100011101010011101001111011100001111101100110010010110111001011110101000101010100100100100100011110010100010010010111101100110101011101000100010100100101111011001100101001001100101010101011101000010
00001111001101111001010101010010110101010010110001110010000011000101100101010000101111100101110011100110111100111000010101010100000000010001100110110100111110001101110000101011010010011110111110101010
11000110111011110110101100101100000001111011010100000001010011111010000000010000011100000001100100001100110011000101011100011100001010011010001101101001000011101011110101101110001010010011100001000011
10110110111101001110000010111001011100101000100011010110001000101000100000000111101111111011001101011001111011101010110101011101000100011010111101100011010011011111001011100100101000110010011100010110
11001110001011101010000100000010110010111100001011010010111101110110101011100100011000101000111111111010110010001100011011110011110100100101101011110100100110111000000001011100100101111101110111100010
01110110110011000110111001101011110110011111111111000100010111101000100110000101000010010000001000001101111111011111000101101001001110110001010101100110110000001101001111110011010001011100011011001011
01110010101010000000111100001111100111110110100000010010010001100101100100100101101111101001100011011011101111101110001010100111010001110100011001001111000111110011010101111011000011110100010101110111
01100000111011010110100101000110000101010100010010111011100111111100100001001101101111110100101011001100100010111101101100010001000011000011101101000100010101001000111100101010110000111100100001011101
01001110001010011001100110011100111110100101101100111011000110100110110101111110110110110010001010101011001011000101110110100100100010101110110010110100010010000010001000100101001011010000011010001101
01101010110000100111010010111000110001010101101101111000100010001010011101110001100001001100010110001110001101001100010110001010011000010000100101101001011010100110101101001110101101010110000111011010
01110000010001110010111001010101010110110001100010101011101100011111110000100010010000001011001001010111010111010111101110111010011111100011011011111100100000011010111101110111011101001100100111100101
00110100010000100010001000011110000110110111000111011011101100011100001100100111011111100001100110001010011000010111111010000000000111011101100010110111001111101101001111000111011010101000100111101110
11001000001010001011010011010001110110110100111001011000010101001011010001010100010011011011010110000101001000110100000110101000001100001001100101000111000101101110101110011011110001010110000011011010
11000101001100101010000010111000010011011101110011011111101100011100011111100011010000010100000001100001010011010001000001101000000000111001001110001011011110111000010111011010010001100001111000110010
10111010110101001000100000110110100100000011111000110100110111110001101110111100101110000001001001010010100111011101000100101001101001111010000111101000000101000101110110101001010111000011000101101000
10110001001100000100011100001000101110101001101101000011110110011010010111101001110001011001101011111111001001000010010011110110111011000100101101101101110100011011000011111110011111101110011011101000
11100110111010101000110010101011011110100110011100001111010010100110000100000011011000111011111101001010110001101000000100111101000110011010111010001100011110000100011000111100011010101100110011101101
01110010100111111101111000100100101010011101101011110100110100110010001001111011110000011110000101010010010101001101001000111011101011010001001100000000111010010010100010001101101111101011011110110000
01010100110000001101010000110100001001110001100000001001010000010101100110000111111100111111010001000011000011011101110100011111111111110001001000101010010001110101001010001000101010000010110100110010
11000011110110100100101000001001001011100001110001000001101110110100101011011011000010100011100100000011010100101100111100110111010110111100111000100101111110101100011001000011000010011011101101110111
11100110111110101011011000010010101001010101000110100000101110000010001100101111100000011001011111111010011110100000110011011011010111001101010011011110001111010010001101011001110101101000111011001001
10011110001111100011110001010010111000101010000011011111101000001110110110000000001111010010100011010100111100011100000100000000011000011000101000010111001101010010101100110110011101101100010011101110
00001101101001111101000010111011110011010000100011001100111101010010101101010011010001100010001011000111000011101011110000010100010011001100000001100110011111001001001001000110000011001001000001111101
01011010011010111100100101110100110000010001011010010011000111101010001010010100111110101111111111010011100101101100111100100100111011111011111110101011000010010000101010001011010001110000101001100101
01000100001111100010111111001011101100101101011110111001101010101000011010011001100001111100111101011100001100010000101100101111110110010010100111100011001100010001101111001000010111110010001000101011
01111101001101101100100001111101000101010000001111000110101011011011001010101100111100100110110000101101111001010011111001101001110000011111000011111101101110010010110000100011010101101101110100010011
01110111100010101000110101011010000100001010001001101000101001010000000110010100010110100100001101101110010110100000001000001010010011000110010001000001101100100001011001000100011010110010011100011111
10011101001101101011101011000101011001011110100100010101101001110100001010111001101011010101011010010111111110100001100101011101011110111000000001100111011100011011101001010010100101100100101001110101
00111100010001001000001111101001100101101001000110110101101101000100001101110101111001010100100101110010000010101001000110001100001111111100111101011000001111001011110111001100111110010000011000001110
10011011010101000101011100001100111010010111001000111000110011101100110001111011110000111011001001011011011111101111001001111001000001000101001101011111010000111111000101010010111000011100111111000000
01110111101011101110101011010001000011110001011000010101100110000110011100110011001101100001011101101101010000011111111100110110100111010101000011001100110001011001010011010001101111000000000000101101
00110011000001000111000101100101010111010110011000000010100000110100011010001000011111001000001000010101011011111000100100100001110011001100110101011011011010100011110100000011010001101111010010010010
00100110010110110110011010011110000110011010011011010110101011101001101011010111001000000110001111000000101011101001001101001000111010000001000000101001001111100000011110111011011101111100100100010101
01011101111100000111001001001110111000101011000010000111100101101010000110100101010000010000100000011101001001111100110001110111101011010001111001100111111011110110100101011111011101100010011111011001
01100110101111011000100101011010100011101000111010100001000100101111010011101000010101110010011101010110010010010010111101011111001100110001011100100101101100101110110001100101111010101101110011100101
10111000101011000011000110010100011010000000010111011110110101011101010010111100010101000011100101110101011110111111101100011101110010100011011011000001010010111011111110001100100101111000010100101100
11001011110001011100110000001001100000010000010110000110011101111001110101111001100001010100011011000110101000111010100111010011110111000011111011001100100101101110010111101010001010101001001001001000
11110010100010010010111101100110101011101000100010100100101101111011011001001111000101011001101010100000010001011011110100100011101000001010101101111010100011000110110100101011100101010010111010001000
11010010111001000001100010100010110000101010101000000001100100111101110111101110111011110011011010101000000000010000000001101101100011001011110001000100100101000111011001110000100110000001001010000111
11010111111000000001110111011001000110111111001100100001110101000011111011011100010001111001000101001110111100100011111010101011110110111100010110101100011101001110100101001110000111110000011010011010
11000100100111000001011000010010001100111010100011001110000001001100101110101101110110111100000111110011110100011111110111100010010010001101000001101110000101010001001000100010110100111110011111101100
11001010100110010101010101110100001000001111001101111001010101010010110101010010110001110010000011000101100101010000101111100101110011100110111100111000010101010100000000010001100110110100111110001101
11000010101101001001111011111010101011000110111011110110101100101100000001111011010100000001010011111010000000010000011100000001100100001100110011000101011100011100001010011010001101101001000011101011
11010110111000101001001110000100001110110110111101001110000010111001011100101000100011010110001000101000100000000111101111111011001101011001111011101010110101011101000100011010111101100011010011011111
00101110010010100011001001110001011011001110001011101010000100000010110010111100001011010010111101110110101011100100011000101110011001101001100001110001000111110110011001011001000011001110010010110000
11100011011111010010001100000111001111001010101001011101000110010010100111010000001101011011011000110100111111101001000000100100111110101000001001111010110001110101001010010000010100101100111011000111
01011001100000110010011011110100110101111010000100011110111100100111001010000101101010111010101001011001100010100001010000000001011001100101101011000000011101001001001001101101101100011101101011000000
01110010111001001111001001000101010101010011001101101111011110101000100100111110110000000110111100001100000110110110010000001010001101100011101010011101000001001101101111111101001111100101101111010000
00111100111000000100001101000110010101010010100110101000011101001101011100001010111100010001001110001100111011110110001110111011100101101000010000010100011000010110110110110001111111100100011011110100
11101100111110100000110011100010111101100000000011000000101111110001010001011100010111011011011011011101011000011011001100010000101100110110000011011111011001000001111011001011101001111100111101011111
10011010000110110001000100100101010001111010101101111110111111101011001110100111101100000010100010010110111010000010011110101100011101101111111100101001001110100101111101110011110111000010110111000111
00010111100011110100011111011001101010111100010111100101101000000010111001010001011001011111010001110000001111110110010100110101010000111101011111100110101011011010011100100111110101000110111001011111
01011100100011000110111100111101001001011010111101001001101110000000010111001001011111011101111000100111011011001100011011100110101111011001111111111100010001011110100010011000010100001001000000100000
11011111110111110001011010010011101100010101011001101100000011010011111100110100010111000110110010110111001010101000000011110000111110011111011010000001001001000110010110010010010110111110100110001101
10111011111011100010101001110100011101000110010011110001111100110101011110110000111101000101011101110110000011101101011010010100011000010101010001001011101110011111110010000100110110111111010010101100
11001000101111011011000100010000110000111011010001000101010010001111001010101100001111001000010111010100111000101001100100011110111000011010001110111010010000000010100110011000010100110101111001101000
10001101000010010000000001011001101110011001111100110101011101111100110100101100111010111101001101011000110110011010100110100001011111110100110111011011000001100000110110110110010101111100110110001010
