01011100111110011100100011010000100010010100000100110011010101111111111101110001000010000000100000110010000111100011101101000000111010011001101111011010011011111010100010010011001101001101101001101011
01000010000000010001111110010000000001111110010100000111100100110011111011000100011111011000101110011011011110011000100001111111011010011000101010001011100010100110101010111101000001100010110001000100
00000110100010010001011110100001001100010100010101101100010011000111101001011011001110110001101001101101011111101101101100100010101010110010110001011101101001001000101011101100101101000100100000100010
00100101001011010000011010001101011010101100001001110100101110001100010101011011011110001000100010100111011100011000010011000101100011100011010011000101100010100110000100001001011010010110101001101011
01001110101101010110000111011010011100000100011100101110010101010101101100011000101010111011000111111100001000100100000010110010010101110101110101111011101110100111111000110110111111001000000110101111
01110111011101001100100111100101001101000100001000100010000111100001101101110001110110111011000111000011001001110111111000011001100010100110000101111110100000000001110111011000101101110011011111001011
11000111011010101000100111101110110010000010100010110100110100011101101101001110010110000101010010110100010101000100110110110101100001010010001101000001101010000011000010011001010001110001011011101011
10011011110001010110000011011010110001010011001010100000101110000100110111011100110111111011000111000111111000110100000101000000011000010100110100010000011010000000001110010011100010110111101110000101
11011010010001100001111000110010101110101101010010001000001101101001000000111110001101001101111100011011101111001011100000010010010100101001110111010001001010011010011110100001111010000001010001011101
10101001010111000011000101101000101100010011000001000111000010001011101010011011010000111101100110100101111010011100001011001111011111110010010000100100111101101110110001001011011011011101000110110000
11111110011111101110011011101000111001101110101010001100101010110111101001100111000011110100101001100001000000110110001110111111010010101100011010000001001111010001100110101110100011000111100001000110
00111100011010101100110011101101011100101001111111011110001001001010100111011010111101001101001100100010011110111100000111100001010100100101010011010010001110111010110100010011000000001110100100101000
10001101101111101011011110110000010101001100000011010100001101000010011100011000000010010100000101011001100001111111001111110100010000110000110111011101000111111111111100010010001010100100011101010010
10001000101010000010110100110010110000111101101010100111000011100010111000011100010000011011101101001010110110110000101000111001000000110101001011001111001101110101101111001110001001011111101011000110
01000011000010011011101101110111111001101111101010110110000100101010010101010001101000001011100000100011001011111000000110010111111110100111101000001100110110110101110011010100110111100011110100100011
01011001110101101000111011001001100111100011111000111100010100101110001010100000110111111010000011101101100000000011110100101000110101001111000111000001000000000110000110001010000101110011010100101011
00110110011101101100010011101110000011011010011111010000101110111100110100001000110011001111010100101011010100110100011000100010110001110000111010111100000101000100110011000000011010010001010001100010
01000110000011001001000001111101010110100110101111001001011101001100000100010110100100110001111010100010100101001111101011111111110100111001011011001111001001001110111110111111101010110000100100001010
10001011010001110000101001100101010001000011111000101111110010111011001011010111101110011010101010000110100110011000011111001111010111000011000100001011001011111101100100101001111000110011000100011011
11001000010111110010001000101011011111010011011011001000011111010001010100000011110001101010110110110010101011001111001001101100001011011110010100111110011010011100000111110000111111011011100100101100
00100011010101101101110100010011011101111000101010001101010110100001000010100010011010001010010100000001100101001000111110000011011011100101101000000010000010100100110001100100010000011011001000010110
01000100011010110010011100011111100111010011011010111010110001010110010111101001000101011010011101000010101110011010110101010110100101111111101000011001010111010111101110000000011001110111000110111010
01010010100101100100101001110101001111000100010010000011111010011001011010010001101101011011010001000011011101011110010101001001011100100000101010010001100011000011111111001111010110000011110010111101
11001100111110010000011000001110100110110101010001010111000011001110100101110010001110001100111011001100011110111100001110110010010110110111111011110010011110010000010001010011010111110100001111110001
01010010111000011100111111000000011101111010111101011101011000010000111100010110000101011001100001100111001100110011011000010111011011010100000111111111001101101001110101010000110011001100010110010100
11010001101111000000000000101101001100110000010001110001011001010101110101100110000000101000001101000110100010000111110010000010000101010110111110001001001000011100110011001101010110110110101000111101
00000011010001101111010010010010001001100101101101100110100111100001100110100110110101101010111010011010110101110010000001100011110000001010111010010011010010001110100000010000001010010011111000000111
10111011011101111100100100010101010111011111000001110010010011101110001010110000100001111001011010100001101001010100000100001000000111010010011111001100011101111010110100011110100110010101111101101001
01011111011101100010011111011001011001101011110110001001010110101000111010001110101000010001001011110100111010000101011100100111010101100100100100101111010111110011001100010111001001011011001011101100
01100101111010101101110011100101101110001010110000110001100101000110100000000101110111101101010111010100101111000101010000111001011101010111101111111011000111011100101000110110110000010100101110111111
10001100100101111000010100101100110010111100010111001100000010011000000100000101100001100111011110011101011110011000010101000110110001101010001110101001110100111101110000111110110011001001011011100101
11101010001010101001001001001000111100101000100100101111011001101010111010001000101001001011011110110110010011011010100011100111010000100000111100110111100101010101001011010101001011000111001000001100
01011001010100001011111001011100111001101111001110000101010101000000000100011001101101001111100011011100001010110100100111101111101010101100011011101111011010110010110000000111101101010000000101001111
10100000000100000111000000011001000011001100110001010111000111000010100110100011011010010000111010111101011011100010100100111000010000111011011011110100111000001011100101110010100010001101011000100010
10001000000001111011111110110011010110011110111010101101010111010001000110101111011000110100110111110010111001001010001100100111000101101100111000101110101000010000001011001011110000101101001011110111
01101010111001000110001011100110011010010110001110101010111101100110010110010000110011100100101100001110001101111101001000110000011100111100101010100101110100011001001010011101000000110101101101100011
01001111111010010000001001001111101010000010011110101100011101010010100100000101001011001110110001110101100110000011001001101111010011010111101000010001111011110010011100101000010110101011101010100101
10011000101000010100000000010110011001011010110000000111010010010010011011011011000111011010110000000111001011100100111100100100010101010101001100110110111101111010100010010011111011000000011011110000
11000001101101100100000010100011011000111010100111010000010011011011111111010011111001011011110100000011110011100000010000110100011001010101001010011010100001110100110101110000111101110010000100111000
11001110111101100011101110111001011010000100000101000110000101101101101100011111111001000110111101001110110011111010000011001110001011110110000000001100000010111111000101000101110001011101101101101101
11010110000110110011000100001011001101100000110111110110010000011110110010111010011111001111010111111001101000011011000100010010010101000111101010110111111011111110101100111010011110110000001010001001
01101110100000100111101011000111011011111111001010010011101001011111011100111101110000101101110001110001011110001111010001111101100110101011110001011110010110100000001011100101000101100101111101000111
00000011111101100101001101010100001111010111111001101010110110100111001001111101010001101110010111110101010001001110001111110011110100100101101011110100100110111000000001011100100101111101110111100010
01110110110011000110111001101011110110011111111111000100010111101000100110000101000010010000001000001101111111011111000101101001001110110001010101100110110000001101001111110011010001011100011011001011
01110010101010000000111100001111100111110110100000010010010001100101100100100101101111101001100011011011101111101110001010100111010001110100011001001111000111110011010101111011000011110100010101110111
01100000111011010110100101000110000101010100010010111011100111111100100001001101101111110100101011001100100010111101101100010001000011000011101101000100010101001000111100101010110000111100100001011101
01001110001010011001000111101110000111010001110111010100000000101001100110000101001101011110011010001000110100001001000000000101100110111001100111110011010101110111110011010010110011101011110100110101
10001101100110101001101000010111111101001101110110110000011000001101101101100101011111001101100010100101110011111001110010001101000010001001010000010011001101010111111111110111000100001000000010000011
00100001111000111011010000001110100110011011110110100110111110101000100100110011010011011010011010110100001000000001000111111001000000000111111001010000011110010011001111101100010001111101100010111001
10110111100110001000011111110110100110001010100010111000101001101010101111010000011000101100010001000000011010001001000101111010000100110001010001010110110001001100011101010010011100011000100111101110
11001000001010001011010011010001110110110100111001011000010101001011010001010100010011011011010110000101001000110100000110101000001100001001100101000111000101101110101110011011110001010110000011011010
11000101001100101010000010111000010011011101110011011111101100011100011111100011010000010100000001100001010011010001000001101000000000111001001110001011011110111000010111011010010001100001111000110010
10111010110101001000100000110110100100000011111000110100110111110001101110111100101110000001001001010010100111011101000100101001101001111010000111101000000101000101110110101001010111000011000101101000
10110001001100000100011100001000101110101001101101000011110110011010010111101001110000101100111101111101101110000001010011110110111011000100101101101101110100011011000011111110011111101110011011101000
11100110111010101000110010101011011110100110011100001111010010100110000100000011011000111011111101001010110001101000000100111101000110011010111010001100011110000100011000111100011010101100110011101101
01110010100111111101111000100100101010011101101011110100110100110010001001111011110000011110000101010010010101001101001000111011101011010001001100000000111010010010100010001101101111101011011110110000
01010100110000001101010000110100001001110001100000001001010000010101100110000111111100111111010001000011000011011101110100011111111111110001001000101010010001110101001010001000101010000010110100110010
11000011110110101010011100001110101101011000010001000001101110110100101011011011000010100011100100000011010100101100111100110111010110111100111000100101111110101100011001000011000010011011101101110111
1110011011111010101101100001001010100101010100011010000010111000