011001001111000111110011010101111011000011110100010101110111011000001110110101101001010001100001010101000100101110111001
11111100100001001101101111110100101011001100100010111101101100010001000011000011101101000100010101001000111100101010110000111100100001011101010011100010100110010001111011100001110100011101110110100010
10110100111001001010100100100111000101001110110000101110101010101000010011111100110011011001100010010011111001101011111011011101111010010000011001001110010101100101000000011111101011101110011110000011
00100110011110111000100111000100111001111010011011011110110011001100001011100100000000000001101100001011011111111001000000100100100011001011001100001111001111010010000011110110100110111101101001101111
10101000100100110011010011011010011010110100001000000001000111111001000000000111111001010000011110010011001111101100010001111101100010111001101101111001100010000111111101101001100010101000101110001010
01101010101111010000011000101100010001000000011010001001000101111010000100110001010001010110110001001100011101010010011100011101000001010011011000011111011011111001100101010101101101000010010001011010
01100111011101101111001010101110101110011011000010011100001010110110111000011111011000010011000001111110111010001010111100110100110001001111001110011010111010001110000001001111100110100110100001001111
00010000001011000011011000111111101111111010111101110000000100000100011100010010100000110011110100001000001010110001100010101011101100011111110000100010010000001011001001010111010111010111101110111010
01111110001101101111110010000001101011110111011101110100110010011110010100110100010000100010001000011110000110110111000111011011101100011100001100100111011111100001100110001010011000010111111010000000
00011101110110001011011100110111110010110100101100110111011001100101110111101110100111100111000001000000011001011000111110100100100000000101100010000010100011000101000001000000101100011010000011010100
10111000010011000000101110000011010111011110111101101010000100000100010111101010001100011101100011110100100001101100110011100101010110000110000101111001001010000000100000111000100001101010100000111110
00001011010010011110010110011111111010101101101001000110000111100011001010111010110101001000100000110110100100000011111000110100110111110001101110111100101110000001001001010010100111011101000100101001
10100111101000011110100000010100010111011010100101011100001100010110100010110001001100000100011100001000101110101001101101000011110110011010010111101001110000101100111101111101101110000001000001111001
11011100000001010001011011001010011110100111110110011111010110111101011011011011110111011110011011110101101101010011100100100101000001110001001000101001101100111101110100100111011010011110100000011110
00001100111101110100010000010110000010011011111010011111111001100111110010111001011011010110110100011000011111001110011101011000010000010011001100110101011010100111000010100010010101001101001000111011
10101101000100110000000011101001001010001000110110111110101101111011000001010100110000001101010000110100001001110001100000001001010000010101100110000111111100111111010001000011000011011101110100011111
11111111000100100010101001000111010100101000100010101000001011010011001011000011110110101010011100001110101101011000010010001010110111011000110101101101101011110011011000001011100010111100110110011001
00001101110011010001000011010101011010110000100110100100111111010001100101110001011111010111001110101001010110001000000001110010111101100011000110010101110010100100100111010111100111010000110011001101
10101110010000101110111110010100100100010010111001001011110011110110010001001111001111010011110000101011111000101010000011011111101000001110110110000000001111010010100011010100111100011100000100000000
01100001100010100001011100110101001010110011011001110110110001001110111000001101101001111101000010111011110011010000100011001100111101010010101101010011010001100010001011000111000011101011110000010100
01001100110000000110100100010100011000011000001110001100011000100011110000001111001101010100011000110000011010100000100111100011101011110111100111000000111111110101110111001001011000010110011100111010
11111101110111110101011110000110000001011110111100100001000001110001000000100000101101010011011111101111010110110100000111011110011111111100101111001110110000111110010100101110001110101000010110011101
01100110100101101101001110011010000010111100100001011111001000100010101101111101001101101100100001111101000101010000001111000110101011011011001010101100111100100110110000101101111001010011111001101001
11000001111100001111110110111001001011000010001101010110110111010001001101110111100010101000110101011010000100001010001001101000101001010000000110010100100011111000001100011101100001011000001100001111
10101110000110000010100001111011100010010010001010010111001100111000010101000110100110110101111111101010001100101101110010100000110110011010001111110100011101000010000101000001011111011010010000001100
10111101110000101001000110111000011101110000101111100011001001010001000010010110001000001110100111111110110000110110000001110000111110100010000100111000011100100010011001110010000010101001000110001100
00111111110011110101100000111100101111011100110011111001000001100000111010011011010101000101011100001100111010010111001000111000110011101100110001111011110000111011001001011011011111101111001001111001
00000100010100110101111101000011111100010101001011100001110011111100000001110111101011110101110101101000100011110000000100000000010011001001100110011001001100110000001110011100100010000111010110110011
11100110101000101100011001001000111010001110100001110110101000001011110000010011001000001011101010010010101011100001001100101011111010110010000101001100101111100110001100001010000101111100110000011010
11100110110011001000010100111101001101101000001100100011111100101100100100111011101011011011100101101110000110011010011011010110101011101001101011010111001000000110001111000000101011101001001101001000
11101000000100000010100100111110000001111011101101110111110010010001010101011101111100000111001001001110111000101011000010000111100101101010000110100101010000010000100000011101001001111100110001110111
10101101000111101001100101011111001101001010011110010011101100110100110010110011011101101100011010101101111011010110111111110010100000111111101001011100100010011011001110001011001001101001010100000101
10110011001000011001101001111001111111101011100011010101010001000111100011010100010111101001000001000010101111001010000001100101011010001100100011111110001010000001011010110000001111011101111110000110
01000101100110110110100010000111101111111000110010010111100001010010110011001011110001011100110000001001100000010000010110000110011101111001110101111001100001010100011011000110101000111010100111010011
11011100001111101100110010010110111001011110101000101010100100100100100011110010100010010010111101100110101011101000100010100100101101111011011001001101101010001110110101111010101010101101010010111011
01111000110101111011010101101110000101001001010111000000001101110100111011001001010110101010010011111011110010010111010110101010111000110110011011110101111101110001100111011100101010000000101010011100
11100110010101001000001001100010100110010001000011101110100010111110101111000011110110101000011001101110101011110111101100110010111010000001011111001100001010010110000101001110111100100011111010101011
11011011110001011010110001110100111010010100111000011111000001101001101011000100100111000001011000010010001100111010100011001110000001001100101110101101110110111100000111110011110100011111110111100010
01001000110100000110111000010101000100100010001011010011111001111110110011001010111001101010001000010000000110001111001110110100001000000001010000101011010000011001100011100000011000101010010111010000
01001111000111011001011000000000000010000000000001000101001001110110111011101001110110001110011111010101010101000011010101011001111100011100001010011101100000101000101011011111000000100000001100000000
11101010111011000100001010111010011000110110111100110001011010101101011111001011110110011110001110000100001110110110111101001110000010111001011100101000100011010110001000101000100000000111101111111011
00110101100111101110101011010101110100010001101011110110001101001101111100101110010010100011001001110001011011001110001011101010000100000010110010111100001011010010111101110110101011100100011000101110
01100110100101100011101010101111100100010000111000101110011110101111000011111011000111001011000100001001101101101111010100101100101011001001110011100010000110101111100100010010011101110110100010110000
11111101010000111001011111001011000000011100100010001011110001110100100100001110011010110001001111011010010000010111000010100101011100110001100111001000111111110111110100000110010001111000001000001000
00111011100011010100001000110010100010010110111010000010011110101100011101101111111100101001001110100101111101110011110111000010110111000111000101111000111101000111110110011010101111000101111001011010
00000010111001010001011001011111010001110000001111110110010100110101010000111101011111100110101011011010011100100111110101000110111001011111010101000100111000110111001101001001100011111101001001100111
01101000000011000110100111000110110110110011001111101100100111011011110111001100111101010100100010000101111011000100000010000100001010110010110011111100111110100011110010111111100000100011001101100000
01100011110100011010101011001001011011011001001101011110100011111010111101100101001101100010001100001011100011100001001011111101111011000110011101011111011100011010011101000111010001100100111100011111
00110101011110110000111101000101011101110110000011101101011010010100011000010101010001001011101110011111110010000100110110111111010010101100110010001011110110110001000100001100001110110100010001010100
10001111001010101100001111001000010111010100111000101001100100011110111000011101000111011101101000101011010011100100101010010010011100010100111011000010111010101010100001001111110011001101100110001001
00111110011010111110110111011110100100000110010011100101011001010000000111111010111011100111100000110010011001111011100010011100010011100111101001101101111011001100110000101110010000000000000110110000
10110111111110010000001001001000110010110011000011110011110100100000111101100110110111000101011011111010100010010011001101001101101001101011010000100000000100011111100100000000011111100101000001111001
00110011111011000100011111011000101110011011011110011000100001111111011010011000101010001011100010100110101010111101000001100010110001000100000001101000100100010111101000010011000101000101011011000100
11000111010100100111000111010000010100110110000111110110111110011001010101011011010000100100010110100110011101110110111100101010111010111001101100001001110000101011011011100001111101100001001100000111
11101110100010101111001101001100010011110011100110101110100011100000010011111001101001101000010011110001000000101100001101100011111110111111101011110111000000010000010001110001001010000011001111010000
10000010011100101110010110111011000111111100001000100100000010110010010101110101110101111011101110100111111000110110111111001000000110101111011101110111010011001001111001010011010001000010001000100001
11100001101101110001110110111011000111000011001001110111111000011001100010100110000101111110100000000001110111011000101101110011011111001011010010110011011101100110010111011110111010011110011100000100
00000110010110001111101001001000000001011000100000101000110001010000010000001011000110100000110101001011100001001100000010111000001101011101111011110110101000010000010001011110101000110001110110001111
010010000110110011001110010101011000011000010111100100101000000010000011100010000110101010000011111000001011010010011110010110011111111010100110