00011010111001101100110010000101001111010011011010000011001000111111001011001001001110111010110110111001011011110000010001010011011000011101011111101101111010110001001010010011111010001101111101100001
10001000111010000001000000101001001111100000011110111011011101111100100100010101010111011111000001110010010011101110001010110000100001111001011010100001101001010100000100001000000111010010011111001100
01110111101011010001111010011001010111110011010010100111100100111011001101001100101100110111011011000110101011011110110101101111111100101000001111111010010111001000100110110011100010110010011010010101
00000101101100110010000110011010011110011111111010111000110101010100010001111000110101000101111010010000010000101011110010100000011001010110100011001000111111100010100000010110101100000011110111011111
10000110010001011001101101101000100001111101011101100100110010111100000010010110010011111110000001001100001011000100000010000010011010010111011110011101011110011000010101000110110001101010001110101001
11010011110111000011111011001100100101101110010111101010001010101001001001001000111100101000100100101111011001101010111010001000101001001011011110110110010011011010100011101101011110101010101011010100
10111011011110001101011110110101011011100001010010010101110000000011011101001110110010010101101010100100111110111100100101110101101010101110001101100110111101011111011100011001110111001010100000001010
10011100111001100101010010000010011000101001100100010000111011101000101111101011110000111101101010000110011011101010111101111011001100101110100000010111110011000010100101100010101001011101001110110101
11110101110011010110100011111100100100000111010000100101101001011000011010011010110001001001110000010110000100100011001110101000110011100000010011001011101011011101101111000001111100111101000111111101
11100010010010001101000001101110000101010001001000100010110100111110011111101100110010101110011010100010000100000001100011110011101101000010000000010100001010110100000110011000111000000110001010100101
11010000010011110001110110010110000000000000100000000000010001010010011101101110111010011101100011100111110101010101010000110101010110011111000111000010100111011000001010001010110111110000001000000011
00000000111010101110110001000010101110100110001101101111001100010110101011010111110010111101100111100011011010001001111100010111100001010010111101101001101101001100111010011001001111001100001010110101
11111011001101011001111011101010110101011101000100011010111101100011010011011111001011100100101000110010011100010110110011100010111010100001000000101100101111000010110100101111011101101010111001000110
00101110011001101001011000111010101011111001000100001110001011100111101011110000111110110001110010110001000010011011011011110101001011001010110010011100111000100001101011111001000100100111011101101000
10110000111111010100001110010111110010110000000111001000100010111100011101001001000011100110101100010011110110100100000101110000101001010111001100011001110010001111111101111101000001100100011110000010
00001000001110111000110101000010001100001100001100111100111110001100010101100010101100010101000011111001000000000000000000011011001111110111101010001001001111101100000001101111000011000001101101100100
00001010001101100011101010011101000001001101101111111101001111100101101111010000001111001110000001000011010001100101010100101001101010000111010011010111000011110111001010101001110011100111010110011001
11010111010010010110101010100000001100001011011011010000010111111010001101110000011111100101011110100110110100111101101110000010010000001101111100000000000011100000110011111011010001100001101001011001
10001000111110110011000001100101100110101000111111100101011100111100111100001111010001011010010100100000000110100010000101010111100101010111110111011011010110010101101010010110010010011111011000111011
01011100000110110101110110011110000111011010111110110011011011000010110111000111000101111000111101000111110110011010101111000101111001011010000000101110010100010110010111110100011100000011111101100101
00110101010000111101011111100110101011011010011100100111110101000110111001011111010101000100111000110111001101001001100011111101001001100111011010000000110001101001110001101101101100110011111011001001
11011011110111001100111101010100100010000101111011000100000010000100001010110010110011111100111110100011110010111111100000100011001101100000011000111101000110101010110010010110110110010011010111101000
11111010111101100101001101100010001100001011100011100001001011111101111011000110011101011111011100010101000100101001100000010000111100001101101110001011111100000111001000001011101110110010111111001100
10000001101011110111011101110100110010011110010100110100010000100010001000011110000110110111000111011011101100011100001100100111011111100001100110001010011000010111111010000000000111011101100010110111
00110111110010110100101100110111011001100101110111101110100111100111000001000000011001011000111110100100100000000101100010000010100011000101000001000000101100011010000011010100101110000100110000001011
10000011010111011110111101101010000100000100010111101010001100011101100011110100100001101100110011100101010110000110000101111001001010000000100000111000100001101010100000111110000010110100100111100101
10011111111010100110011100000001001001110011101111010101010010000100011000011011111010101011111100110010010011111000011111011110101110000001001001010010100111011101000100101001101001111010000111101000
00010100010111011010100101011100001100010110100010110001001100000100011100001000101110101001101101000011110110011010010111101001110000101100111101111101101110000001000001111001110111000000010100010110
11001010011110100111110110011111010110111101011011011011110111011110011011110101101101010011100100100101000001110001001000101001101100111101110100100111011010011110100000011110000011001111011101000100
00010110000010011011111010011111111001100111110010111001011011010110110100011000011111001110011101011000010000010011001100110101011010100111000010101011000010001100001110010111010101100000101110000000
01010110100101100100011011010111110110111111001000100010110000010111001101010010101100110110011101101100010011101110000011011010011111010000101110111100110100001000110011001111010100101011010100110100
01100010001011000111000011101011110000010100010011001100000001101001000101000110000110000011100011000110001000111100000011110011010101000110001100000110101000001001111000111010111101111001110000001111
11110101110111001001011000010110011100111010111111011101111101010111100001100000010111101111001000010000011100010000001000001011010100110111111011110101101101000001110111100111111111001011110011101100
00111110010100101110001110101000010110011101011001101001011011010011100110100000110101000100000011111011000100011101101101000001001111100100000111101000101000101001011000010101110001110001010111001111
00100110110000101101111001010011111001101001110000011111000011111101101110010010110000100011010101101101110100010011011101111000101010001101010110100001000010100010011010001010010100000001100101001000
11111000001100011101100001011000001100001111101011100001100000101000011110111000100100100010100101110011001110000101010001101001101101011111111010100011001011011100101000001101100110100011111101000111
01000010000101000001011111011010010000001100101111011100001010010001101110000111011100001011111000110010010100010000100101100010000011101001111111101100001101100000011100001111101000100001001110000111
00100010011000111001000011111110000001000100001111111110011110001100000111101111011011100100011111001000000110100111010001010000001010010011111000000111101110110111011111001001000101010101110111110000
01110010010011101110001010110000100001111001011010100001101001010100000100001000000111010010011111001100011101111010110100011110100110010101111100110100101001111001001110110011010011001011001101110110
11000110101011011110110101101111111100101000001111111010010111001000100110110011100010110010011010010101000001011011001100100001100110100111100111111110101110001101010101000100011110001101010001011110
10010000010000101011110010100000011001010110100011001000111111100010100000010110101100000011110111011111100001100100010110011011011010001000011111010111011001001100101111000000100101100100111111100000
01001100001011000100000010000010011010010001100101000110011110011000010101000110110001101010001110101001110100111101110000111110110011001001011011100101111010100010101010010010010010001111001010001001
00101111011001101010111010001000101001001011011110110110010011011010100011101101011110101010101011010100101110110111100011010111101101010110111000010100100101011100000000110111010011101100100101011010
10100100111110111100100101110101101010101110001101100110111101011111011100011001110111001010100000001010100111001110011001010100100000100110001010011001000100001110111010001011111010111100001111011010
10000110011011101010111101111011001100101110100000010111110011000010100101100010101001011101001110110101111101011100110101101000111111001001000001110100001001011010010110001011111001111110010010011100
00010110000100100011001110101000110011100000010011001011101011011101101111000001111100111101000111111101111000100100100011010000011011100001010100010010001000101101001111100111111011001100101011100110
10100010000100000001100011110011101101000010000000010100001010110100000110011000111000000110001010100101110100000100111100011101100101100000000000001000000000000100010100100111011011101110100111011000
11100111110101010101010000110101010110011111000111000010100111011000001010001010110111110000001000000011000000001110101011101100010000101011101001100011011011110011000101101010110101111100101111011001
11100011011010001001111100010111100001010010111101101001101101001100111010011001001111001100001010110101110101110001100010011110111010101101010111010001000110101111011000110100110111110010111001001010
00110010011100010110110011100010111010100001000000101100101111000010110100101111011101101010111001000110001011100110011010010110001110101010111110010001000011100010111001111010111100001111101100011100
10110001000010011011011011110101001011001010110010011100111000100001101011111001000100100111011101101000101100001111110101000011100101111100101100000001110010001000101111000111010010010000111001101011
00010011110110100100000101110000101001010111001100011001110010001111111101111101000001100100011110000010000010000011101110001101010000100011000011000011001111001111100011000101011000101011000101010000
11111001000000000000000000011011001111110011011111101001001111101100000001101111000011000001101101100100000010100011011000111010100111010000010011011011111111010011111001011011110100000011110011100000
01000011010001100101010100101001101010000111010011010111000011110111001010101001110011100111010110011001110101110100100101101010101000000011000010110110110100000101111110100011011100000111111001010111
10100110110100111101101110000010010000001101111100000000000011100000110011111011010001100001101001011001100010001111101100110000011001011001101010001111111001010111001111001111000011110100010110100101
00100000000110100010000101010111100101010111110111011011010110010101101010010110010010011111011000111011010111000001101101011101100111100001110110101111101100110110110010111110010000010001011110001111
01000111110110011010101111000101111001011010000000101110010100010110010111110100011100000011111101100101001101010100001111010111111001101010110110100111001001111101010001101110010111110101010001001110
00110111001101001001100011111101001001100111011010000000110001101001110001101101101100110011111011001001110110111101110011001111010101001000100001011110110001000000100001000010101100101100111111001111
1010001111001011111110000010001100110110000001100011110100011010