1010110010010110110110010011010111101000111110101111011001010011011000100011000010111000111000010010111111011110110001100111010111110111
00010101000100101001100000010000111100001101101110001011111100000111001000001011101110110010111111000001111010001011000101010100010010111011100111111100100001001101101111110100101011001100100010111101
10110001000100001100001110110100010001010100100011110010101011000011110010000101110101001110001010011001000111101110000111010001110111011010001010110100111001001010100100100111000101001110110000101110
10101010100001001111110011001101100110001001001111100110101111101101110111101001000001100100111001010110010100000001111110101110111001111000001100100110011110111000100111000100111001111010011011011110
11001100110000101110010000000000000110110000101101111111100100000010010010001100101100110000111100111101001000001111011001101101110001010001111111011110110010011001101001101111001111111010001100001010
10001111111010101000000111011010100000111100100100111110110001000111110110001011100110110111100110001000011111110110100110001010100010111000101001101010101111010000011000101100010001000000011010001001
00010111101000010011000101000101011011000100110001110101001001110001110100000101001101100001111101101111100110010101010110110100001001000101101001100111011101101111001010101110101110011011000010011100
00101011011011100001111101100001001100000111111011101000101011110011010011000100111100111001101011101000111000000100111110011010011010000100111100010000001011000011011000111111101111111010111101110000
00010000010001110001001010000011001111010000100000100111001011100101110111110000010101100011001110001010010110010010100100000100001101111111011100010101101110011111010011100010011111110111011101110100
11001001111001010011010001000010001000100001111000011011011100011101101110110001110000110010011101111110000110011000101001100001011111101000000000011101110110001011011100110111110010110100101100110111
01100110010111011110111010011110011100000100000001100101100011111010010010000000010110001000001010001100010100000100000010110001101000001101010010111000010011000000101110000011010111011110111101101010
00010000010001011110101000110001110110001111010010000110110011001110010101011000011000010111100100101000000010000011100010000110101010000011111000001011010010011110010110011111111010100110011100000001
00100111001110111101010101001000010001100001101111101010101111110011001001001111100001111101111011010100001000010101001010011101110100010010100110100111101000011110100000010100010111011010100101011100
00110001011010001011000100110000010001110000100010111010100110110100001111011001101001011110100111000010110011110111110110111000000100000111100111011100000001010001011011001010011110100111110110011111
01011011110101101101101111011101111001101111010110110101001110010010010100000111000100100010100110110011110111010010011101101001111010000001111000001100111101110100010000010110000010011011111010011111
11100110011111001011100101101101011011010001100001111100111001110101100001000001001100110011010101101010011100001010101100001000110000111001011101010110000010111000000001010110100101100100011011010111
11011011111100100010001011000010010000100001001010110011011001110110110001001110111000001101101001111101000010111011110011010000100011001100111101010010101101010011010001100010001011000111000011101011
11000001010001001100110000000110100100010100011000011000001110001100011000100011110000001111001101010100011000110000011010100000100111100011101011110111100111000000111111110101110111001001011000010110
01110011101011111101110111110101011110000110000001011110111100100001000001110001000000100000101101010011011111101111010110110100000111011110011111111100101111001110110000111110010100101110001110101000
01011001110101100110100101101101001110011010000011010100010000001111101100010001110110110100000100111110010000011110100010100010100101100001010111000111000101010110111100111011110000101101111001010011
11100110100111000001111100001111110110111001001011000010001101010110110111010001001101110111100010101000110101011010000100001010001001101000101001010000000110010100100011111000001100011101100001011000
00110000111110101110000110000010100001111011100010010010001010010111001100111000010101000110100110110101111111101010001100101101110010100000110110011010001111110100011101000010000101000001011111011010
01000000110010111101110000101001000110111000011101110000101111100011001001010001000010010110001000001110100111111110110000110110000001110000111110100010000100111000011100100010011000111001000011111110
00000100010000111111111001111000110000011110111101101110010001111100100000011010011101000101100010100000100100001100111010010111001000111000110011101100110001111011110000111011001001011011011111101111
00100111100100000100010100110101111101000011111100010101001011100001110011111100000001110111101011110101110101101000100011110000000100000000010011001001100110011001001100110000001110011100100010000111
01011011001111100110101000101100011001001000111010001110100001110110101000001011110000010011001000001011101010010010101011100001001100101011111010110010000101001100101111100110001100001010000101111100
11000001101011100110110011001000010100111101001101101000001100100011111100101100100100111011101011011011100101101111000001000101001101100001110101111110110111101011000100101001001111101000110111110110
00011000010011010110001010101001111010111110000001111011101101110111110010010001010101011101111100000111001001001110111000101011000010000111100101101010000110100101010000010000100000011101001001111100
11000111011110101101000111101001100101011111001101001010011110010011101100110100110010110011011101101100011010101101111011010110111111110010100000111111101001011100100010011011001110001011001001101001
01010000010110110011001000011001101001111001111111101011100011010101010001000111100011010100010111101001000001000010101111001010000001100101011010001100100011111110001010000001011010110000001111011101
11111000011001000101100110110110100010000111110101110110010011001011110000001001011001001111111000000100110000101100010000001000001001101001000110010100011000010100011000100100011011000110101000111010
10011101001111011100001111101100110010010110111001011110101000101010100100100100100011110010100010010010111101100110101011101000100010100100101101111011011001001101101010001110110101111010101010101101
01001011101101111000110101111011010101101110000101001001010111000000001101110100111011001001010110101010010011111011110010010111010110101010111000110110011011110101111101110001100111011100101010000000
10101001110011100110010101001000001001100010100110010001000011101110100010111110101111000011110110101000011001101110101011110111101100110010111010000001011111001100001010010110001010100101110100111011
01011111010111001101011010001111110010010000011101000010010110100101100010111110011111101010011001001010011000010010001100111010100011001110000001001100101110101101110110111100000111110011110100011111
11011110001001001000110100000110111000010101000100100010001011010011111001111110110011001010111001101010001000010000000110001111001110110100001000000001010000101011010000011001100011100000011000101010
01011101000001001111000111011001011000000000000010000000000001000101001001110110111011101001110110001110011111010101010101000011010101011001111100011100001010011101100000101000101011011111000000100000
00110000000011101010111011000100001010111010011000110110111100110001011010101101011111001011110110011110001101101000100111110001011110000101001011110110100110110100110011101001100100111100110000101011
01011101011100011000110001111101011111010101110100010001101011110110001101001101111100101110010010100011001001110001011011001110001011101010000100000010110010111100001011010010111101110110101011100100
01100010111001100110100101100011101010101111100100010000111000101110011110101111000011111011000111001011000100001001101101101111010100101100101011001001110011100010000110101111100100010010011101110110
10001011000011111101010000111001011111001011000000011100100010001011110001110100100100001110011010110001001111011010010000010111000010100101011100110001100111001000111111110111110100000110010001111000
00100000100000111011100011010100001000110000110000110011110011111000110001010110001010110001010100001111100100000000000000000001101100111111001101111110011010011101010000000110111100001100000110110110
01000000101000110110001110101001110100000100110110111111110100111110010110111101000000111100111000000100001101000110010101010010100110101000011101001101011100001111011100101010100111001110011101011001
10011101011101001001011010101010000000110000101101101101000001011111101000110111000001111110010101111010011011010011110110111000001001000000110111110000000000001110000011001111101101000110000110100101
10011000100011111011001100000110010110011010100011111110010101110011110011110000111101000101101001010010000000011010001000010101011110010101011111011101101101011001010110101001011001001001111101100011
10110101110000011011010111011001111000011101101011111011001101101100101111100100000100100011110011010100011111011001101010111100010111100101101000000010111001010001011001011111010001110000001111110110
01010011010101000011110101111110011010101101101001110010011111010100011011100101111101010100010011100011011100110100100110001111110100100110011101101000000011000110100111000110110110110011001111101100
10011101101111011100110011110101010010001000010111101100010000001000010000101011001011001111110011111010001111001011111110000010001100110110000001100011110100011010101011001001011011011001001101011110
10001111101011110110010100110110001000110000101110001110000100101111110111101100011001110101111101110001010100010010100110000001000011110000110110111000101111110000011100100000101110111011001011111100
00011110100010110010101000001010101110111001111111001000010011011011111101001010110011001000101111011011000100010000110000111011010001000101010010001111001010101100001111001000010111010100111000101001
10010001111011100001110100011101110110100010101101001110010010101001001001110001010011101100001011101010101010000100111111001100110110011000100100111110011010111110110111011110100100000110010011100101
01100101000000011111101011101110011110000011001001100111101110001001110001001110011110100110110111101100110011000010111001000000000000011011000010110111111110010000001001001000110010110011000011110011
11010010000011110110011011011100010100011111110111101100100110011010011011110011111110100011000010101000111111101010100000011101101010000011110010010011111111001000011111011000101110011011011110011000
10000111111101101001100010101000101110001010011010101011110100000110001011000100010000000110100010010001011110100001001100010100010101101100010011000111010100100111000111010000010100110110000111110110
11111001100101010101101101000010010001011010011001110111011011110010101011101011100110110000100111000010101101101110000111110110000100110000011111101110100010101111001101001100010011110011100110101110
10001110000001001111100110100110100001001111000100000010110000110110001111111011111110101111011100000001000001000111000100101000001100111101000010000010011100101110010111011111000001010110001100111000
10100101100100101001000001000011011111110111000101011011100111110100111000100111011110011001100101001100100111100101001101000100001000100010000111100001101101110001110110111011000111000011001001110111
11100001100110001010011000010111111010000000000111011101100010110111001101111100101101001011001101110110011001011101111011101001111001110000010000000110010110001111101001001000000001011000100000101000
11000101000001000000101100011010000011010100101110000100110000001011100000110101110111101111011010100001000001000101111010100011