1001110000101100111101111101101110000001000001111001110111000000010100010110110010100111101001111101100111110101101111010110110110111101110111100110111101011011
01010011100100100101000001110001001000101001101100111101100100001010100010110100011100001010011001010100010000111110001011111100101110110010110101111011100110101010100001101001100110000111110011110101
11000011000100001011001011111101100100101001111000110011000100011011110010000101111100100010001010110111110100110110110010000111110100010101000000111100011010101101101100101010110011110010011011000010
11011110010100111110011010011100000111110000111111011011100100101100001000110101011011011101000100110111011110001010100011010101101000010000101000100110100010100101000000011001010010001111100000110001
11011000010110000011000011111010111000011000001010000111101110001001001000101001011100110011100001010100011010011011010111111110101000110010110111001010000011011001101000111111010001110100010101101001
01111111101000011001010111010111101110000000011001110111000110111010010100101001011001001010011101010011110001000100100000111110100110010110100100011011010110110100010000110111010111100101010010010111
00100000101010010001100011000011111111001111010110000011110010111101110011001111100100000110000011101001101101010100010101110000110011101001011100100011100011001110110011000111101111000011101100100101
10110111111011110010011110010000010001010011010111110100001111110001010100101110000111001111110000000111011110101111010111010110100010001111000000010000000001001100100110011001100100110011000000111001
11001000100001110101101100111110011010100010110001100100100011101000111010000111011010100000101111000001001100100000101100010110010101011101011001100000001010000011010001101000100001111100100000100001
01010110111110001001001000011100110011001101010110110110101000111101000000110100011011110100100100100010011001011011011001101001111000011001101001101101011010101110100110101101011100100000011000111100
00001010111010010011010010001110100000010000001010010011111000000111101110110111011111001001000101010101110111110000011100100100111011100010101100001000011110010110101000011010010101000001000010000001
11010010011111001100011101111010110100011110100110010101111100110100101001111001001110110011010011001011001101110110110001101010110111101101011011111111001010000011111110100101110010001001101100111000
10110010011010010101000001011011001100100001100110101011001011101100011001011110101011011100111001011011100010101100001100011001010001101000000001011101111011010101110101001011110001010100001110010111
01010111101111111011000111011100101000110110110000010100101110111111100011001001011110000101001011001100101111000101110011000000100110000001000001011000011001110111100111010111100110000101010001101100
01101010001110101001110100111101110000111110110011001001011011100101111010100010101010010010010010001111001010001001001011110110011010101110100010001010010010110111101101100100110110101000111011010111
10101010101011010100101110110111100011010111101101010110111000010100100101011100000000110111010011101100100101011010101001001111101111001001011101011010101011100011011001101111010111111111001101101010
10000000000100000000011011011000110010111100010001001001010001110110011100001001100000010010100001111101011111100000000111011101100100011011111100110010000111010100001111101101110001000111100100010100
11101111001000111110101010111101101111000101101011000111010011101001010011100001111100000110100110101100010010011100000101100001001000110011101010001100111000000100110010111010110111011011110000011111
00111101000111111101111000100100100011010000011011100001010100010010001000101101001111100111111011001100101011100110101000100001000000011000111100111011010000100000000101000010101101000001100110001110
00000110001010100101110100000100111100011101100101100000000000001000000000000100010100100111011011101110100111011000100111101111101010101100011011101111011010110010110000000111101101010000000101001111
10100000000100000111000000011001000011001100110001010111000111000010100110100011011010010000111010111101011011100010100100111000010000111011011011110100111000001011100101110010100010001101011000100010
10001000000001111011111110110011010110011110111010101101010111010001000110101111011000110100110111110010111001001010001100100111000101101100111000101110101000010000001011001011110000101101001011110111
01101010111001000110001011100110011010010110001110101010111110010001000011100010111001111010111100001111101100011100101100010000100110110110111101010010110010101100100111001110001000011010111110010001
00100111011101101000101100001111110101000011100110101100011101010010100100000101001011001110110001110101100110000011001001101111010011010111101000010001111011110010011100101000010110101011101010100101
10011000101000010100000000010110011001011010110000000111010010010010011011011011000111011010110000000111001011100100111100100100010101010101001100110110111101111010100010010011111011000000011011110000
11000001101101100100000010100011011000111010100111010000010011011011111111010011111001011011110100000011110011100000010000110100011001010101001010011010100001110100110101110000111101110010101010011100
11100111010110011001110101110100100101101010101000000011000010110110110100000101111110100011011100000111111001010111101001101101001111011011100000100100000011011111000000000000111001011101101101101101
11010110000110110011000100001011001101100000110111110110010000011110110010111010011111001111010111111001101000011011000100010010010101000111101010110111111011111110101100111010011110110000001010001001
01101110100000100111101011000111011011111111001010010011101001011111011100111101110000101101110001110001011110001111010001111101100110101011110001011110010110100000001011100101000101100101111101000111
00000011111101100101001101010100001111010111111001101010110110100111001001111101010001101110010111110101010001001110001101110011010010011000111111010010011001110110100000001100011010011100011011011011
00110011111011001001110110111101110011001111010101001000100001011110110001000000100001000010101100101100111111001111000101101001001110110001010101100110110000001101001111110011010001011100011011001011
01110010101010000000111100001111100111110110100000010010010001100101100100100101101111101001100011011011101111101110001010100111010001110100011001001111000111110011010101111011000011110100010101110111
01100000111011010110100101000110000101010100010010111011100111111100100001001101101111110100101011001100100010111101101100010001000011000011101101000100010101001000111100101010110000111100100001011101
01001110001010011001000111101110000111010001110111011010001010110100111001001010100100100111000101001110110000101110101010101000010011111100110011011001100010010011111001101011111011011101111010010000
01100100111001010110010100000001111110101110110110110000011000001101101101100101011111001101100010100101110011111001110010001101000010001001010000010011001101010111111111110111000100001000000010000011
00100001111000111011010000001110100110011011110110100110111110101000100100110011010011011010011010110100001000000001000111111001000000000111111001010000011110010011001111101100010001111101100010111001
10110111100110001000011111110110100110001010100010111000101001101010101111010000011000101100010001000000011010001001000101111010000100110001010001010110110001001100011101010010011100011101000001010011
01100001111101101111100110010101010110110100001001000101101001100111011101101111001010101110101110011011000010011100001010110110111000011111011000010011000001111110111010001010101101111000100010001010
01110111000110000100110001011000111000110100110001011000101001100001000010010110100101101010011010110100111010110101011000011101101001110000010001110010111001010101010110110001100010101011101100011111
11000010001001000000101100100101011101011101011110111011101001111110001101101111110010000001101011110111011101110100110010011110010100110100010000100010001000011110000110110111000111011011101100011100
00110010011101111110000110011000101001100001011111101000000000011101110110001011011100110111110010110100101100110111011001100101110111101110100111100111000001000000011001011000111110100100100000000101
10001000001010001100010100000100000010110001101000001101010010111000010011000000101110000011010111011110111111000101011000001101101011000101001100101010000010111000010011011101110011011111101100011100
01111110001101000001010000000110000101001101000100000110100000000011100100111000101101111011100001011101101001000110000111100011001010111010110101001000100000110110100100000011111000110100110111110001
10111011110010111000000100100101001010011101110100010010100110100111101000011110100000010100010111011010100101011100001100010110100010110001001100000100011100001000101110101001101101000011110110011010
01011110100111000010110011110111110110111000000100000111100111011100000001010001011011001010011110100111110110011111010110111101011011011011110111011110011011110101101101010011100100100101000001110001
00100010100110110011110111010010011101100110100000010011110100011001101011101000110001111000010001100011110001101010110011001110110101110010100111111101111000100100101010011101101011110100110100110010
00100111101111000001111000010101001001010100110100100011101110101101000100110000000011101001001010001000110110111110101101111011000001010100110000001101010000110100001001110001100000001001010000010101
10011000011111110011111101000100001100001101110111010001111111111111000100100010101001000111010100101000100010101000001011010011001011000011110110101010011100001110101101011000010010001010110111011000
11010110110110101111001101100000101110001011110011011001100100001101110011010001000011010101011010110000100110100100111111010001100101110001011111010111001110101001010110000101000110100000101110000010
00110010111110000001100101111111101001111010000011001101101101011100110101001101111000111101001000110101100111010110100011101100100110011110001111100011110001010010111000101010000011011111101000001110
11011000000000111101001010001101010011110001110000010000000001100001100010100001011100110101001010110011011001110110110001001110111000001101101001111101000010111011110011010000100011001100111101010010
10110101001101000110001000101100011100001110101111000001010001001100110000000110100100010100011000011000001110001100011000100011110000001111001101010100011000110000011010100000100111100011101011110111
10011100000011111111010111011100100101100001011001110011101011111101110111110101011110000110000001011110101101000111000010100110010101000100001111100010111111001011101100101101011110111001101010101000
01101001100110000111110011110101110000110001000010110010111111011001001010011110001100110001000110111100100001011111001000100010101101111101001101101100100001111101000101010000001111000110101011011011
00101010110011110010011011000010110111100101001111100110100111000001111100001111110110111001001011000010001101010110110111010001001101110111100010101000110101011010000100001010001001101000101001010000
00011001010010001111100000110001110110000101100000110000111110101110000110000010100001111011100010010010001010010111001100111000010101000110100110110101111111101010001100101101110010100000110110011010
00111111010001110100001000010100000111111010000110010101110101111011100000000110011101110001101110100101001010010110010010100111010100111100010001001000001111101001100101101001000110110101101101000100
00110111010111100101010010010111001000001010100100011000110000111111110011110101100000111100101111011100110011111001000001100000111010011011010101000101011100001100111010010111001000111000110011101100
11000111101111000011101100100101101101111110111100100111100100000100010100110101111101000011111100010101