100110011001100100110011
00000011100111001000100001110101101100111110011010100010110001100100100011101000111010000111011010100000101111000001001100100000101110101001001010101110000100110010101111101011001000010100110010111110
01100011000010100001011111001100000110101110011011001100100001010011110100110110100000110010001111110010110010010011101110101101101110010110111100000100010100110110000111010111111011011110101100010010
10010011111010001101111101100001100001001101011000101010100111101011010110001001011111110001001101001100100010001000111001111000001100110000111101111011110110100100101101100001110110100111101010101000
00101110001011010010011111001100011101111010110100011110100110010101111100110100101001111001001110110011010011001011001101110110110001101010110111101101011011111111001010000011111110100101110010001001
10110011100010110010011010010101000001011011001100100001100110100111100111111110101110001101010101000100011110001101010001011110100100000100001010111100101000000110010101101000110010001111111000101000
00010110101100000011110111011111100001100100010110011011011010001000011111010111011001001100101111000000100101100100111111100000010011000010110001000000100000100110100100011001010001100001010001100010
10000001111000110111101111111100011000111110111010111111010011100100100111011000010101110001010111100011100001000111000111101100001101010001001100100010001011010011111001111110110011001010111001101010
00100001000000011000111100111011010000100000000101000010101101000001100110001110000001100010101001011101000001001111000111011001011000000000000010000000000001000101001001110110111011101001110110001110
01111101010101010100001101010101100111110001110000101001110110000010100010101101111100000010000000110000000011101010111011000100001010111010011000110110111100110001011010101101011111001011110110011110
00110110100010011111000101111000010100101111011010011011010011001110100110010011110011000010101101011101011100011000110001111101011111000010010000100010010101011001100100001100110100110101101011110011
10010011101000111110011110111111110100001000000111100101110010010110101101110111011010101110010001100010111001100110100101100011101010101111100100010000111000101110011110101111000011111011000111001011
00010000100110110110111101010010110010101100100111001110001000011010111110010001001001110111011010001011000011111101010000111001011111001011000000011100100010001011110001110100100100001110011010110001
00111101101001000001011100001010010101110011000110011100100011111111011111010000011001000111100000100000100000111011100011010100001000110000110000110011110011111000110001010110001010110001010100001111
10010000000000000000000110110011111100110111111001101001110101001010101111110010011000001111100100101000111110110001100111010100011000001010011011011101110000011101000001110100000010010110110100001010
00011010011001010101001010011010100001110100110101110000111101110010101010011100111001110101100110011101011101001001011010101010000000110000101101101101000001011111101000110111000001111110010101111010
01101101001111011011100000100100000011011111000000000000111000001100111110110100011000011010010110011000100011111011001100000110010110011010100011111110010101110011110011110000111101000101101001010010
00000001101000100001010101111001010101111101110110110101100101011010100101100100100111110110001110110101110000011011010111011001111000011101101011111011001101101100101111100100000100100011110011010000
10011110010011010111011010001101000001010010100101110000001010110000110110100011101010110111100110100011101000000011110010010101100101111100101001110010011111010100011011100101111101010100010011100011
01110011010010011000111111010010011001110110100000001100011010011100011011011011001100111110110010011101101111011100110011110101010010001000010111101100010000001000010000101011001011001111110011111010
00111100101111111000001000110011011000000110001111010001101010101100100101101101100100110101111010001111101011110110010100110110001000110000101110001110000100101111110111101100011001110101111101110001
01010001001010011000000100001111000011011011100010111111000001110010000010111011101100101111110000011110100010110010101000001010110111111110011101000110100011101101111100000101010011001110011111001111
10101000101001000011111110001010001010101100011110111111110010010100111001011101010011100010100110010001111011100001110100011101110110100010101101001110010010101001001001110001010011101100001011101010
10101000010011111100110011011001100010010011111001101011111011011101111010010000011001001110010101100101000000011111101011101110011110000011001001100111101110001001110001001110011110100110110111101100
11001100001011100100000000000001101100001011011111111001000000100100100011001011001100001111001111010010000011110110011011011100010100011111110111101100100110011010011011110011111110100011000010101000
11111110101010000001110110101000001111001001001111111100100000110110011011111100010110011110011011101001010110011100010001111110011101100111000111010111011010001001101111000000101000000001110001101000
00011010000100110001010001010110110001001100011101010010011100011101000001010011011000011111011011111001100101010101101101000010010001011010011001110111011011110010101011101011100110110000100111000010
10110110111000011111011000010011000001111110111010001010111100110100110001001111001110011010111010001110000001001111100110100110100001001111000100000010110000110110001111111011111110101111011100000001
00000100011100010010100000110011110100001000001001110010111001011101111100000101011000110011100010100101100100101001000001000011011111110111000101011011100111110100111000100111011110011001100110101110
01000111001000111010001000010001101110101101001001010001000001100101010110000100001110110001100101011000110011000101100100000011011111101101100110100101111010011100001011001111011111011011100000010000
01111001110111000000010100010110110010100111101001111101100111110101101111010110110110111101110111100110111101011011010100111001001001010000011100010010001010011011001111011101001001110110100111101000
00011110000011001111011101000100000101100000100110111110100111111110011001111100101110010110110101101101000110000111110011100111010110000100000100110011001101010110101001110000101010110000100011000011
10010111010101100000101110000000010101101001011001000110110101111101101111110010001000101100001001000010000110100001001110101110001001000010000010100100011010010101001111011010101000010010111011000110
00101101010101110010001100011101101000010000001101000110011111000011110100110010110000111101101010100111000011101011010110000100100010101101110110001101011011011010111100110110000010111000101111001101
10011001000011011100110100010000110101010110101100001001101001001111110100011001011100010111110101110011101010010101100010000000011100101111011000110001100101011100101001001001110101111001110100001100
11001101101011100100001011101111100101001001000100101110010010111100111101100100010011110011110100111100001010110101101111011010010001110111000011110110011000000001110000110100010000001111001011000010
10100010000110101100110100001011100100101001010110110011000100010110100001111111001001001111101101101010110111010110010010101110111001101111101010110111000000010000100110111011010000010000010101010100
00010100010011001100000001101001000101000110000110000011100011000110001000111100000011110011010101000110001100000110101000001001111000111010111101111001110000001111111101011101110010010110000101100111
00111010111111011101111101010111100001100000010111101111001000010000011100010000001000001011010100110111111011110101101101000001110111100111111111001011110011101100001111100101001011100011101010000101
10011101011001101001011011010011100110100000110101000100000011111011000100011101101101000001001111100100000111101000101000101001011000010101110001110001010101101111001110110100001101101101101010011101
10011100110000001111000011111110010101100011110010110001000010011100111010100001001110110110110111000100000011011010000011010011100110001010010100000001100101001000111110000011000111011000010110000011
00001111101011100001100000101000011110111000100100100010100101110011001110000101010001101001101101011111111010100011001011011100101000001101100110100011111101000111010000100001010000010111110110100100
00001100101111011100001010010001101110000111011100001011111000110010010100010000100101100010000011101001111111101100001101100000011100001111101000100001001110000111001000100110001110010000111111100000
01000100001111111110011110001100000111101111011011100100011111001000000110100111010001011000101000001001100001001111110010110011100111000110110101101110000111111110001101110001100001010011111111011011
10110110001010101010000100000101101010110101001000000001010110001100011101111010110100011110100110010101111100110100101001111001001110110011010011001011001101110110110001101010110111101101011011111111
00101000001111111010010111001000100110110011100010110010011010010101000001011011001100100001100110100111100111111110101110001101010101000100011110001101010001011110100100000100001010111100101000000110
01010110100011001000111111100010100000010110101100000011110111011111100001100100010110011011011010001000011111010111011001001100101111000000100101100100111111100000010011000010110001000000100000100110
10010001100101000110000101000110001010000001111000110111101111111100011000111110111010111111010011100100100111011000010101110001010111100011100001000111000111101100001101010001001111110101111011000011
11100111111011001100101011100110101000100001000000011000111100111011010000100000000101000010101101000001100110001110000001100010101001011101000001001111000111011001011000000000000010000000000001000101
00100111011011101110100111011000111001111101010101010100001101010101100111110001110000101001110110000010100010101101111100000010000000110000000011101010111011000100001010111010011000110110111100110001
01101010110101111100101111011001111000110110100010011111000101111000010100101111011010011011010011001110100110010011110011000010101101011101011100011000110001111101011111000010010000100010010101011001
10010000110011010011010110101111001110010011101000111110011110111111110100001000000111100101110010010110101101110001000101011111010001100010111001100110100101100011101010101111100100010000111000101110
01111010111100001111101100011100101100010000100110110110111101010010110010101100100111001110001000011010111110010001001001110111011010001011000011111101010000111001011111001011000000011100100010001011
11000111010010010000111001101011000100111101101001000001011100001010010101110011000110011100100011111111011111010000011001000111100000100000100000111011100011010100001000110000110000110011110011111000
11000101011000101011000101010000111110010000000000000000000110110011111100110111111001101001110101001010101111110010011000001111100100101000111110110001100111010100011000001010011011011101110000011101
00000111010000001001011011010000101000011010101110000000100110011010100001110100110101110000111101110010101010011100111001110101100110011101011101001001011010101010000000110000101101101101000001011111
10100011011100000111111001010111101001101101001111011011100000100100000011011111000000000000111000001100111110110100011000011010010110011000100011111011001100000110010110011010100011111110010101110011
11001111000011110100010110100101001000000001101000100001010101111001010101111101110110110101100101011010100101100100100111110110001110110101110000011011010111011001111000011101101011111011001101101100
10111110010000010010001111001101000010011110010011010111011010001101000001010010100101110000001010110000110110100011101010110111100110100011101000000011110010010101100101111100110110111011000111010100
0110111001011111010101000100111000110111