0101101001011000101111100111111010100110010010101001100010011001000101110100011011110010101011000111110111001100011111001000111110010100000001010110010110010000111001000000001101011010
10001000000110010001010000011101001111110110110011011111000101011001101010100000010001011011110100100011101000001010101101111010100011000110110100101011100101010010111010001000110100101110010000011000
00000000100000000000010001010010011101101110111010011101100011100111110101010101010000110101010110011111000111000010100111011000001010001010110111110000001000000011000000001110101011101100010000101011
10100110001101101111001100010110101011010111110010111101100111100011011010001001111100010111100001010010111101101001101101001100111010011001001111001100001010110101110101110001100011000111110101111100
00100100001000100101010110011001000011001101001101011010111100111001001110100011111001111011111111010000100000011110010111001001011010110111000100010101111100101001101111011001100101001001100101010101
01110100001000001111001101111001010101010010110101010010110001110010000011000101100101010000101111100101110011100110111100111000010111111001000100100111011101101000101100001111110101000011100101111100
10110000000111001000100010111100011101001001000011100110101100010011110110100100000101110000101001010111001100011001110010001111111101111101000001100100011110000010000010000011101110001101010000100011
00001100001100111100111110001100010101100010101100010101000011111001000000000000000000011011001111110011011111100110100111010100101010111111001001100000111110010010100011111011000110011101010001100000
10100110110111011100000111010000011101000000100101101101000010100001101010111000000010011100110101001001100011000011100001110001000111110110011001011001000011001110010010110000111000110111110100100011
00000111001111001010101001011101000110010010100111010000001101010110110100111101101110000010010000001101111100000000000011100000110011111011010001100001101001011001100010001111101100110000011001011001
10101000111111100101011100111100111100001111010001011010010100100000000110100010000101010111100101010111110111011011010110010101101010010110010010011111011000111011010111000001101101011101100111100001
11011010111110110011011011001011111001000001001000111100110100001001111001001101011101101000110100000101001010010111000000101011000011011010001110101011011110011010001110100000001111001001010110010111
11001101101110110001011000000001111110001111101000001010111100010001001110001100111011110110001110111011100101101000010000010100011000010110110110110001111111100100011011110100111011001111101000001000
10000101111011000100000010000100001010110010110011111100111110100011110010111111100000100011001101100000011000111101000110101010110010010110110110010011010111101000111110101111011001010011011000100011
00001011100011100001001011111101111011000110011101011111011100010101000100101001100000010000111100001101101110001011111100000111001000001011101110110010111111000001111010001011001010100000101011011111
11100111010001101000111011011111000001010100110011100111110011111010100010100100001111111000101000101010110001111011111111001001010011100000111000001111101111001100100011111111101011001000110001101111
00111101001001011010111101001001101110000000010111001001011111011101111000100111011011001100011011100110101111011001111111111100110111101001000001100100111001010110010100000001111110101110111001111000
00110010011001111011100010011100010011100111101001101101111011001100110000101110010000000000000110110000101101111111100100000010010010001100101100110000111100111101001000001111011001101101110001010001
11111101111011001001100110100110111100111111101000110000101010001111111010101000000111011010100000111100100100111111110010000011011001101111110001011001111001101110100101011001110001000111111001110110
01110001110101110110100010011011110000001010000000011100011010000001111110101001100000000010001101101000110000111010001110111010010000000010100110011000010100110101111001101000100011010000100100000000
01011001101110011001111100110101011101111100110100101100111000101011011011100001111101100001001100000111111011101000101011110011010011000100111100111001101011101000111000000100111110011010011010000100
11110001000000101100001101100011111110111111101011110111000000010000010001110001001010000011001111010000100000100111001011100101110111110000010101100011001110001010010110010010100100000100001101111111
01110001010110111001111101001110001001110111100110011001101011100100011100100011101000100001000110111010110100100101000100000110010101011000010000111011000110010101100011001100010110010000001101111110
00000010011001101100111110011001100111001111101001011011001110110001101001101101011111101101101100100010101010110010110001011101101001001000101011101100101101000100100000100010001001010010110100001101
01001011100001001100000010111000001101011101111011110110101000010000010001011110101000110001110110001111010010000110110011001110010101011000011000010111100100101000000010000011100010000110101010000011
11100000101101001001111001011001111111101010011001110000000100100111001110111101010101001000010001100001101111101010101111110011001001001111100001111101111011010100001000011010101111101110110010000011
11001111001111011000010101000000001010000110011111100010111000110010001111000111000010111010100000110010010001011101011011111000000101000110111110100101011011100011111011010011110001110110101010001001
11101110110010000010100010110100110100011101101101001110010110000101010010110100010101000100110110110101100001010010001101000010010100000111000100100010100110110011110111010010011101101001111010000001
11100000110011110111010001000001011000001001101111101001111111100110011111001011100101101101011011010001100001111100111001110101100001000001001100110011010101101010011100001010101100001000110000111001
01110101011000001011100000000101011010010110010001101101011111011011111100100010001011000010010000100001101000010011101011100010010000100000101001000110100101010011110110101010000100101110110001100010
11010101011100100011000111011010000100000011010001100111110000111110001100011110100101101101010110011010111111110010010000100100111101101110110001001011011011011101000110110000111111100111111011100110
11101000111001101110101010001100101010110111101001100111010011111101000110010111000101111101011100111010100101011000100000000111001011110110001100011001010111001010010010011101011110011101000011001100
11011010111001000010111011111001010010010001001011100100101111001111011001000100111100111101001111000010101101011011110110100100011101110000111101100110000000011100001101000100000011110010110000101010
00100001101011001101000010111001001010010101101100110001000101101000011111110010010011111011011010101101110101100100101011101110011011111010101101110000000100001001101110110100000100000101010101001010
00100000110001101010000101001010000010010010111000011100010000011011101101001010110110110000101000111001000000110101001011001111001101110101101111001110001001011111101011000110010000110000011001110011
10101111110111011111010101111000011000000101111011110010000100000111000100000010000010110101001101111110111101011011010000011101111001111111110010111100111011000011111001010010111000111010100001011001
11010110011010010110110100111001101000001101010001000000111110110001000111011011010000010011111001000001111010001010001010010110000101011100011100010101011011110011101101000011011011011010100111011001
11001100000011110000111111100101011000111100101100010000100111001110101000010011101101101101110001000000110110100000110100111001011011011000100010000100100001100111110010010010010001100000110010010000
01111101010110100110101111001001011101001100000100010110100100110001111010100010100101001111101011111111110100111001011011001010000011011001101000111111010001110100001000010100000101111101101001000000
11001011110111000010100100011011100001110111000010111110001100100101000100001001011000100000111010011111111011000011011000000111000011111010001000010011100001110010001001100011100100001111111000000100
01000011111111100111100011000001111011110110111001000111110010000001101001110100010110001010000010011000010011111100101100111001110001101101011011100001111111100011011100011000010100111111110110111011
01100010101010100001000001011010101101010010000000010101100001000101111000000011001111010101101001000011011011100101101000000010000010100100110001100100010000011011001000010110010001000110101100100111
00011111100111010011011010111010110001010110010111100111011010100000101111000001001100100000101110101001001010101110000100110010101111101011001000010100110010111110011000110000101000010111110011000001
10101110011011001100100001010011110100110110100000110010001111110010110010010011101110101101101110010110111100000100010100110110000111010111111011011110101100010010100100111110100011011111011000011000
01001101011000101010100111101011010110001001011111110001001101001100100010001000111001111000001100110000111101111011110110100100101101100001110110100111101010101000001011100010111000011001011011001011
10010101111010100101111011101010110100010000111100010110000101011001100001100111001100110011011000010111011011010100000111111111001101101001110101010000110011001100010110010100110100010110100101010000
01011011001100100001100110100111100111111110101110001101010101000100011110001101010001011110100100000100001010111100101000000110010101101000110010001111111000101000000101101011000000111101110111111000
01100100010110011011011010001000011111010111011001001100101111000000100101100100111111100000010011000010110001000000100000100110100100011001010001100001010001100010100000011110001101111011111111000110
00111110111010111111010011100100100111011000010101110001010111100011100001000111000111101100001101010001001111110101111011001101101011110001111100111000011001111110111101101001010111110111011000100111
11011001011001101011110110001001010110101000111010001110101000010001001011110100111010000101011100100111010101100100011101011010101011100011011001101111010111110111000110011101110010101000000010101001
11001110011001010100100000100110001010011001000100001110111010001011111010111100001111011010100001100110111010101111011110110011001011101000000101111100110000101001011000101010010111010011101101011111
01011100110101101000111111001001000001110100001001011010010110001011111001111110101001100100101010011000100110010001011101000110111100101010110001111101110011000111110010001111100101000000010101100101
10010000111001000000001101011010100010000001100100010100000111010011111101101100110111110001010110011010101000000100010110111101001000111010000010101011011110101000110001101101001010111001010100101110
10001000110100101110010000011000101000101100001000000100010100100111011011101110100111011000111001111101010101010100001101010101100111110001110000101001110110000010100010101101111100000010000000110000
00001110101011101100010000101011101001100011011011110011000101101010110101111100101111011001111000110110100010011111000101111000010100101111011010011011010011001110100110010011110011000010101101011101
01110001100011000111110101111100001001000010001001010101100110010000110011010011010110101111001110010011101000111110011110111111110100001000000111100101110010010110101101110001000101011111001010011011
11011001100101001001100101010101011101000010000011110011011110010101010100101101010100101100011100100000110001011001010100001011111001011100111001101111001110000101010101000000000101110111011010001011
00001111110101000011100101111100101100000001110010001000101111000111010010010000111001101011000100111101101001000001011100001010010101110011000110011100100011111111011111010000011001000111100000100000
10000011101110001101010000100011000011000011001111001111100011000101011000101011