11001011110000101101001011110111
01101010111001000110001011100110011010010110001110101010111110010001000011100010111001111010111100001111101100011100101100010000100110110110111101010010110010101100100111001110001000011010111110010001
00100111011101101000101100001111110101000011100101111100101100000001110010001000001011001110110001110101100110000011001001101111010011010111101000010001111011110010011100101000010110101011101010100101
10011000101000010100000000010110011001011010110000000111010010010010011011011011000111011010110000000111001011100100111100100100010101010101001100110110111101111010100010010011111011000000011011110000
11000001101101100100000010100011011000111010100111010000010011011011111111010011111001011011110100000011110011100000010000110100011001010101001010011010100001110100110101110000111101110010101010011100
11100111010110011001110101110100100101101010101000000011000010110110110100000101111110100011011100000111111001010111101001101101001111011011100000100100000011011111000000000000111000001100111110110100
01100001101010110011000100001011001101100000110111110110010000011110110010111010011111001111010111111001101000011011000100010010010101000111101010110111111011111110101100111010011110110000001010001001
01101110100000100111101011000111011011111111001010010011101001011111011100111101110000101101110001110001011110001111010001111101100110101011110001011110010110100000001011100101000101100101111101000111
00000011111101100101001101010100001111010111111001101010110110100111001001111101010001101110010111110101010001001110001101110011010010011000111111010010011001110110100000001100011010011100011011011011
00110011111011001001110110111101110011001111010101001000100001011110110001000000100001000010101100101100111111001111101000111100101111111000001001100110110000001101001111110011010001011100011011001011
01110010101010000000111100001111100111110110100000010010010001100101100100100101101111101001100011011011101111101110001010100111010001110100011001001111000111110011010101111011000011110100010101110111
01100000111011010110100101000110000101010100010010111011100111111100100001001101101111110100101011001100100010111101101100010001000011000011101101000100010101001000111100101010110000111100100001011101
01001110001010011001000111101110000111010001110111011010001010110100111001001010100100100111000101001110110000101110101010101000010011111100110011011001100010010011111001101011111011011101111010010000
01100100111001010110010100000001111110101110111001111000001100100110011110110101011111001101100010100101110011111001110010001101000010001001010000010011001101010111111111110111000100001000000010000011
00100001111000111011010000001110100110011011110110100110111110101000100100110011010011011010011010110100001000000001000111111001000000000111111001010000011110010011001111101100010001111101100010111001
10110111100110001000011111110110100110001010100010111000101001101010101111010000011000101100010001000000011010001001000101111010000100110001010001010110110001001100011101010010011100011101000001010011
01100001111101101111100110010101010110110100001001000101101001100111011101101111001010101110101110011011000010011100001010110110111000011111011000010011000001111110111010001010111100110100110001001111
00111001000110000100110001011000111000110100110001011000101001100001000010010110100101101010011010110100111010110101011000011101101001110000010001110010111001010101010110110001100010101011101100011111
11000010001001000000101100100101011101011101011110111011101001111110001101101111110010000001101011110111011101110100110010011110010100110100010000100010001000011110000110110111000111011011101100011100
00110010011101111110000110011000101001100001011111101000000000011101110110001011011100110111110010110100101100110111011001100101110111101110100111100111000001000000011001011000111110100100100000000101
10001000001010001100010100000100000010110001101000001101010010111000010011000000101110000011010111011110111101101010000100000100010111101010001100101010000010111000010011011101110011011111101100011100
01111110001101000001010000000110000101001101000100000110100000000011100100111000101101111011100001011101101001000110000111100011001010111010110101001000100000110110100100000011111000110100110111110001
10111011110010111000000100100101001010011101110100010010100110100111101000011110100000010100010111011010100101011100001100010110100010110001001100000100011100001000101110101001101101000011110110011010
01011110100111000010110011110111110110111000000100000111100111011100000001010001011011001010011110100111110110011111010110111101011011011011110111011110011011110101101101010011100100100101000001110001
00100010100110110011110111010010011101101001111010000001111000001100111111101000110001111000010001100011110001101010110011001110110101110010100111111101111000100100101010011101101011110100110100110010
00100111101111000001111000010101001001010100110100100011101110101101000100110000000011101001001010001000110110111110101101111011000001010100110000001101010000110100001001110001100000001001010000010101
10011000011111110011111101000100001100001101110111010001111111111111000100100010101001000111010100101000100010101000001011010011001011000011110110101010011100001110101101011000010010001010110111011000
11010110110110101111001101100000101110001011110011011001100100001101110011010001000011010101011010110000100110100100111111010001100101110001011111010111001110101001010110001000000001110010111101100011
00010010111110000001100101111111101001111010000011001101101101011100110101001101111000111101001000110101100111010110100011101100100110011110001111100011110001010010111000101010000011011111101000001110
11011000000000111101001010001101010011110001110000010000000001100001100010100001011100110101001010110011011001110110110001001110111000001101101001111101000010111011110011010000100011001100111101010010
10110101001101000110001000101100011100001110101111000001010001001100110000000110100100010100011000011000001110001100011000100011110000001111001101010100011000110000011010100000100111100011101011110111
10011100000011111111010111011100100101100001011001110011101011111101110111110101011110000110000001011110111100100001000001110001000000100100001111100010111111001011101100101101011110111001101010101000
01101001100110000111110011110101110000110001000010110010111111011001001010011110001100110001000110111100100001011111001000100010101101111101001101101100100001111101000101010000001111000110101011011011
00101010110011110010011011000010110111100101001111100110100111000001111100001111110110111001001011000010001101010110110111010001001101110111100010101000110101011010000100001010001001101000101001010000
00011001010010001111100000110001110110000101100000110000111110101110000110000010100001111011100010010010001010010111001100111000010101000110100110110101111111101010001100101101110010100000110110011010
00111111010001110100001000010100000101111101101001000000110010111101100000000110011101110001101110100101001010010110010010100111010100111100010001001000001111101001100101101001000110110101101101000100
00110111010111100101010010010111001000001010100100011000110000111111110011110101100000111100101111011100110011111001000001100000111010011011010101000101011100001100111010010111001000111000110011101100
11000111101111000011101100100101101101111110111100100111100100000100010100110101111101000011111100010101001011100001110011111100000001110111101011110101110101101000100011110000000100000000010011001001
10011001100100110011000000111001110010001000011101011011001111100110101000101100011001001000111010001110100001110110101000001011110000010011001000001011101010010010101011100001001100101011111010110010
01101000100001111100100000100001010101101111100010010010000111001100110011010101101101101010001111010000001101000110111101001001001000100110010110110110011010011110000110011010011011010110101011101001
10101101011100100000011000111100000010101110100100110100100011101000000100000010100100111110000001111011101101110111110010010001010101011101111100000111001001001110111000101011000010000111100101101010
00011010010101000001000010000001110100100111110011000111011110101101000111101001100101011111001101001010011110010011101100110100110010110011011101101100011010101101111011010110111111110010100000111111
10100101110010001001101100111000101100100110100101010000010110110011001000011001101001111001111111101011100011010101010001000111100010111000101011000011000110010100011010000000010111011110110101011101
01001011110001010100001110010111010101111011111110110001110111001010001101101100000101001011101111111000110010010111100001010010110011001011110001011100110000001001100000010000010110000110011101111001
11010111100110000101010001101100011010100011101010011101001111011100001111101100110010010110111001011110101000101010100100100100100011110010100010010010111101100110101011101000100010100100101101111011
01100100110110101000111011010111101010101010110101001011101101111000110101111011010101101110000101001001010111000000001101110100111011001001010110101010010011111011110010010111010110101010111000110110
01101111010111110111000110011101110010101000000010101001110011101100101111000100010010010100011101100111000010011000000100101000011111010111111000000001110111011001000110111111001100100001110101000011
11101101110001000111100100010100111011110010001111101010101111011011110001011010110001110100111010010100111000011111000001101001101011000100100111000001011000010010001100111010100011001110000001001100
10111010110111011011110000011111001111010001111111011110001001001000110100000110111000010101000100100010001011010011111001111110110011001010111001101010001000010000000110001111001110110100001000000001
01000010101101000001100110001110000001100010101001011101000001001111000111011001011000000000000010000000000001000101001001110110111011101001110110001110011111010101010101000011010101011001111100011100
00000111101101010000000101001111101000000001000001110000000110010000110011001100010101110001110000101001101000110110100100001110101111010110111000101001001110000100001110110110111101001110000010111001
01110010100010001101011000100010100010000000011110111111101100110101100111101110101011010101110100010001101011110110001101001101111100101110010010100011001001110001011011001110001011101010000100000010
11001011110000101101001011110111011010101110010001100010111001100110100101100011101010101111100100010000111000101110011110101111000011111011000111001011000100001001101101101111010100101100101011001001
11001110001000011010111110010001001001110111011010001011000011111101010000111001011111001011000000011100100010001011110001110100101100110110000011011111011001000001111011001011101001111100111101011111
10011010000110110001000100100101010001111010101101111110111111101011001110100111101100000010100010010110111010000010011110101100011101101111111100101001001110100101111101110011110111000010110111000111
00010111100011110100011111011001101010111100010111100101101000000010111001010001011001011111010001110000001111110110010100110101010000111101011111100110101011011010011100100111110101000110111001011111
01010100010011100011011100110100100110001111110100100110011101101000000011000110100111000110110110110011001111101100100111011011110111001100111101010100100010000101111011000100000010000100001010110010
11001111110011111010001111001011111110000010001100110110000011010011111100110100010111000110110010110111001010101000000011110000111110011111011010000001001001000110010110010010010110111110100110001101
10111011111011100010101001110100011101000110010011110001111100110101011110110000111101000101011101110110000011101101011010010100011000010101010001001011101110011111110010000100110110111111010010101100
11001000101111011011000100010000