00001111000011111110010101100011110010110001000010011100111010100001001110110110110111000100000011011010
00001101001110010110110110001000100001001000011001111100100100100100011000001100100100000111110101011010011010111100100101110100110000010001011010010011000111101010001010010100111110101111111111010011
10010110110011110010010011101111101111111010101100001001000010101000101101000111000010100110010101000100001111100010111111001011101100101101011110111001101010101000011010011001100001111100111101011100
00110001000010110010111111011001001010011110001100110001000110111100100001011111001000100010101101111101001101101100100001111101000101010000001111000110101011011011001001011000101000001001100001001111
11001011001110011100011011010110111000011111111000110111000110000101001111111101101110110110001010101010000100000101101010110101001000000001010110000100010111100000001100111101010110100100001101101110
01011010000000100000101001001100011001000100000110110010000101100100010001101011001001110001111110011101001101101011101011000101011001011110100100010101101001110100001010111001101011010101011010010111
11111010000110010101110101111011100000000110011101110001101110100101001010010110010010100111010100111100010001001000001111101001100101101001000110110101101101000100001101110101111001010100100101110010
00001010100100011000110000111111110011110101100000111100101111011100110011111001000001100000111010010010101010011110101101011000100101111111000100110100110010001000100011100111100000110011000011110111
10111101101001001011011000011101101001111010101010000010111000101110000110010110110010111001010111101010010111101110101011010001000011110001011000010101100110000110011100110011001101100001011101101101
01000001111111110011011010011101010100001100110011000101100101001101000110111100000000000010110100110011000001000111000101100101010111010110011000000010100000110100011010001000011111001000001000010101
01101111100010010010000111001100110011010101101101101010001111010000001101000110111101001001001000100110010110110110011010011110000110011010011011010110101011101001101011010111001000000110001111000000
10101110100100110100100011101000011000010100011000101000000111100011011110111111110001100011111011101011111101001110010010011101100001010111000101011110001110000100011100011110110000110101000100111111
01011110110011011010111100011111001110000110011111101111011010010101111101110110001001111101100101100110101111011000100101011010100011101000111010100001000100101111010011101000010101110010011101010110
01001001001011110101111100110011000101110010010110110010111011000110010111101010110111001110010110111000101011000011000110010100011010000000010111011110110101011101010010111100010101000011100101110101
01111011111110110001110111001010001101101100000101001011101111111000110010010111100001010010110011001011110001011100110000001001100000010000010110000110011101111001100011000111110101111100001001000010
00100101010110011001000011001101001101011010111100111001001110100011111001111011111111010000100000011110010111001001011010110111000100010101111100101001101111011001100101001001100101010101011101000010
00001111001101111001010101010010110101010010110001110010000011000101100101010000101111100101110011100110111100111000010101010100000000010001100110110100111110001101110000101011010010011110111110101010
11000110111011110110101100101100000001111011010100000001010011111010000000010000011100000001100100001100110011000101011100011100001010011010001101101001000011101011110101101110001010010011100001000011
10110110111101001110000010111001011100101000100011010110001000101000100000000111101111111011001111100110100111010100101010111111001001100000111110010010100011111011000110011101010001100000101001101101
11011100000111010000011101000000100101101101000010100001101010111000000010011100110101001001100011000011100001110001000111110110011001011001000011001110010010110000111000110111110100100011000001110011
11001010101001011101000110010010100111010000001101011011011000110100111111101001000000100100111110101000001001111010110001110101001010010000010100101100111011000111010110011000001100100110111101001101
01111010000100011110111100100111001010000101101010111010101001011001100010100001010000000001011001100101101011000000011101001001001001101101101100011101101011000000011100101110010011110010010001010101
01010011001101101111011110101011001010100000101011011111111001110100011010001110110111110000010101001100111001111100111110101000101001000011111110001010001010101100011110111111110010010100111000001110
00001111101111001100100011111111101011001000110001101111001111010010010110101111010010011011100000000101110010010111110111011110001001110110110011000110111001101011110110011111111111000100010111101000
10011000010100001001000000100000110111111101111100010110100100111011000101010110011011000000110100111111001101000101110001101100101101110010101010000000111100001111100111110110100000010010010001100101
10010010010110111110100110001101101110111110111000101010011101000111010001100100111100011111001101010111101100001111010001010111011101100000111011010110100101001001001111111100100000110110011011111100
01011001111001101110100101011001110001000111111001110110011100011101011101101000100110111100000010100000000111000110100000011111101010011000000000100011011010001100001110100011101110100100000000101001
10011000010100110101111001101000100011010000100100000000010110011011100110011111001101010111011111001101001011001110101111010011010110001101100110101001101000010111111101001101110110110000011000001101
10110110010101111100110110001010010111001111100111001000110100001000100101000001001100110101011111111111011100010000100000001000001100100001111000111011010000001110100110011011110110100110111110101000
10010011001101001101101001101011010000100000000100011111100100000000011111100101000001111001011101111001100110011010111001000111001000111010001000010001101110101101001001010001000001100101010110000100
00111011000110010101100011001100010110010000001101111110000000100110011011001111100110011001110011111010010110110011101100011010011011010111111011011011001000101010101100101100010111011010010010001010
11101100101101000100100000100010001001010010110100000110100011010110101011000010011101001011100011000101010110110111100010001000101001110111000110000100110001011000111000110100110001011000101001100001
00001001011010010110101001101011010011101011010101100001110110100111000001000111001011100101010101011011000110001010101110110001111111000010001001000000101100100101011101011101011110111011101001111110
00110110111111001000000100011010101111101110110010000011110011110011110110000101010000000010100001100111111000101110001100100011110001110000101110101000001100100100010111010110111110000001010001101111
10100101011011100011111011010011110001110110101010001001111011101100100000101000101101001101000111011011010011100101100001010100101101000101010001001101101101011000010100100011010000011010100000110000
10011001010001110001011011101011100110111100010101100000110110101100010100110010101000001011100001001101110111001101111110110001110001111110001101000001010000000110000101001101000100000110100000000011
10010011100010110111101110000101110110100100011000011110001100101011101011010100100010000011011010010000001111100011010011011111000110111011110010111000000100011010000100111010111000100100001000001010
01000110100101010011110110101010000100101110110001100010110101010111001000110001110110100001000000110100011001111100001111100011000111101001011011010101100110101111111100100100001001001111011011101100
01001011011011011101000110110000111111100111111011100110111010001110011011101010100011001010101101111010011001110000111101001010011000010000001101100011101111110100101011000110100000010011110100011001
10101110100011000111100001000110001111000110101011001100111011010111001010011111110111100010010010101001110110101111010011010011001000100111101111000001111000010101001001010100110100100011101110101101
00010011000000001110100100101000100011011011111010110111101100000101010011000000110101001011010000110110110110101001110110011100110000001111000011111110010101100011110010110001000010011100111010100001
00111011011011011100010000001101101000001101001110010110110110001000100001001000011001111100100100100100011000001100100100000111110101011010011010111100100101110100110000010001011010010011000111101010
00101001010011111010111111111101001110010110110011110010010011101111101111111010101100001001000010101000101101000111000010100110010101000100001111100010111111001011101100101101011110111001101010101000
01101001100110000111110011110101110000110001000010110010111111011001001010011110001100110001000110111100100001011111001000100010101101111101001101101100100001111101000101010000001111000110101011011011
00101010110011110010100110000100111111001011001110011100011011010110111000011111111000110111000110000101001111111101101110110110001010101010000100000101101010110101001000000001010110000100010111100000
00110011110101011010010000110110111001011010000000100000101001001100011001000100000110110010000101100100010001101011001001110001111110011101001101101011101011000101011001011110100100010101101001110100
00101011100110101101010101101001011111111010000110010101110101111011100000000110011101110001101110100101001010010110010010100111010100111100010001001000001111101001100101101001000110110101101101000100
00110111010111100101010010010111001000001010100100011000110000111111110011110101100000111100101111011100110011111001000001100000111010011011010101000101101101011000100101111111000100110100110010001000
10001110011110000011001100001111011110111101101001001011011000011101101001111010101010000010111000101110000110010110110010111001010111101010010111101110101011010001000011110001011000010101100110000110
01110011001100110110000101110110110101000001111111110011011010011101010100001100110011000101100101001101000110111100000000000010110100110011000001000111000101100101010111010110011000000010100000110100
01101000100001111100100000100001010101101111100010010010000111001100110011010101101101101010001111010000001101000110111101001001001000100110010110110110011010011110000110011010011011010110101011101001
10101101011100100000011000111100000010101110100100110100100011101000000100000010100100101000000111100011011110111111110001100011111011101011111101001110010010011101100001010111000101011110001110000100
01110001111011000011010100010011111101011110110011011010111100011111001110000110011111101111011010010101111101110110001001111101100101100110101111011000100101011010100011101000111010100001000100101111
01001110100001010111001001110101011001001001001011110101111100110011000101110010010110110010111011000110010111101010110111001110010110111000101011000011000110010100011010000000010111011110110101011101
01001011110001010100001110010111010101111011111110110001110111001010001101101100000101001011101111111000110010010111100001010010110011001011110001011100110000001001100000010000010110000110011101111001
11010111100110001010100110001001100100010111010001101111001010101100011111011100110001111100100011111001010000000101011001011001000011100100000000110101101010001000000110010001010000011101001111110110
11001101111100010101100110101010000001000101101111010010001110100000101010110111101010001100011011010010101110010101001011101000100011010010111001000001100010100010110000101010101000000001100100111101
11011110111011101111001101101010100000000001000000000110110110001100101111000100010010010100011101100111000010011000000100101000011111010111111000000001110111011001000110111111001100100001110101000011
1110110111000100011110010001010011101111001000111110101010111101101111000101101011000111010011101001010011100001111100000110100110101100010010011100011111000010