0001100001111100111001110101100001000001001100110011010101101010
01110000101010110000100011000011100101110101011000001011100000000101011010010110010001101101110000010000000001100001100010100001011100110101001010110011011001110110110001001110111000001101101001111101
00001011101111001101000010001100110011110101001010110101001101000110001000101100011100001110101111000001010001001100110000000110100100010100011000011000001110001100011000100011110000001111001101010100
01100011000001101010000010011110001110101111011110011100000011111111010111011100100101100001011001110011101011111101110111110101011110000110000001011110111100100001000001110001000000100000101101010011
01111110111101011011010000011101111001111111110010111100111011000011111001010010111000111010100001011001110101100110100101101101001110011010000011010100010000001111101100010001110110110100000100111110
01000001111010001010001000111100011010101101101100101010110011110010011011000010110111100101001111100110100111000001111100001111110110111001001011000010001101010110110111010001001101110111100010101000
11010101101000010000101000100110100010100101000000011001010010001111100000110001110110000101100000110000111110101110000110000010100001111011100010010010001010010111001100111000010101000110100110110101
11111110101000110010110111001010000011011001101000111111010001110100001000010100000101111101101001000000110010111101110000101001000110111000011101110000101111100011001001010001000010010110001000001110
10011111111011000011011000000111000011111010001000010011100001110010001001100011100100001111111000000100010000111111111001111000110000011110111101101110010011111001000001100000111010011011010101000101
01110000110011101001011100100011100011001110110011000111101111000011101100100101101101111110111100100111100100000100010100110101111101000011111100010101001011100001110011111100000001110111101011110101
11010110100010001111000000010000000001001100100110011001100100110011000000111001110010001000011101011011001111100110101000101100011001001000111010001110100001110110101000001011110000010011001000001011
10101001001010101110000100110010101111101011001000010100110010111110011000110000101000010111110011000001101011100110110011001000010100111101001101101000001100100011111100101100100100111011101011011011
10010110111100000100010100110110000111010111111011011110101100010010100100111110100011011110100100110100100011101000000100000010100100111110000001111011101101110111110010010001010101011101111100000111
00100100111011100010101100001000011110010110101000011010010101000001000010000001110100100111110011000111011110101101000111101001100101011111001101001010011110010011101100110100110010110011011101101100
01101010110111101101011011111111001010000011111110100101110010001001101100111000101100100110100101010000010110110011001000011001101001111001111111101011100011010101010001000111100011010100010111101001
00000100001010111100101000000110010101101000110010001111111000101000000101101011000000111101110111111000011001000101100110110110100010000111110101110110010011001011110000001001011001001111111000000100
11000010110001000000000001011000011001110111100111010111100110000101010001101100011010100011101010011101001111011100001111101100110010010110111001011110101000101010100100100100100011110010100010010010
11110110011010101110100010001010010010110111101101100100110110101000111011010111101010101010110101001011101101111000110101111011010101101110000101001001010111000000001101110100111011001001010110101010
01001111101111001001011101011010101011100011011001101111010111110111000110011101110010101000000010101001110011100110010101001000001001100010100110010001000011101110100010111110101111000011110110101000
01100110111010101111011110110011001011101000000101111100110000101001011000101010010111010011101101011111010111001101011010001111110010010000011101000010111000011111000001101001101011000100100111000001
01100001001000110011101010001100111000000100110010111010110111011011110000011111001111010001111111011110001001001000110100000110111000010101000100100010001011010011111001111110110011001010111001101010
00100001000000011000111100111011010000100000000101000010101101000001100110001110000001100010101001011101000001001111000111011001011000000000000010000000000001000101001001110110111011101001110110001110
01111101010101010100001101010101100111110001110000101001110110000010100010101101111100000010000000110000000011101010111011000100001010111010011000110110111100110001011010101101011111001011110110011110
00110110100010011111000101111000010100101111011010011011010011001110100110010011110010000000011110111111101100110101100111101110101011010101110100010001101011110110001101001101111100101110010010100011
00100111000101101100111000101110101000010000001011001011110000101101001011110111011010101110010001100010111001100110100101100011101010101111100100010000111000101110011110101111000011111011000111001011
00010000100110110110111101010010110010101100100111001110001000011010111110010001001001110111011010001011000011111101010000111001011111001011000000011100100010001011110001110100100100001110011010110001
00111101101001000001011100001010010101110011000110011100100011111111011111010000011001000111100000100000100000111011100011010100001000110000110000110011110011111000110001010110001010110001010100001111
10010000000000000101001100110110111101111010100010010011111011000000011011110000110000011011011001000000101000110110001110101001110100000100110110111111110100111110010110111101000000111100111000000100
00110100011001010101001010011010100001110100110101110000111101110010101010011100111001110101100110011101011101001001011010101010000000110000101101101101000001011111101000110111000001111110010101111010
01101101001111011011100000100100000011011111000000000000111000001100111110110100011000011010010110011000100011111011001100000110010110011010100011111110010101110011110011110000111101000101101001010010
00000001101000100001010101111001010101111101110110110101100101011010100101100100100111110110001110110101110000011011010111011001111000011101101011110111001111011100001011011100011100010111100011110100
01111101100110101011110001011110010110100000001011100101000101100101111101000111000000111111011001010011010101000011110101111110011010101101101001110010011111010100011011100101111101010100010011100011
01110011010010011000111111010010011001110110100000001100011010011100011011011011001100111110110010011101101111011100110011110101010010001000010111101100010000001000010000101011001011001111110011111010
00111100101111111000001000110011011000000110001111010001101010101100100101101101100100110101111010001111101011110110010100110110001000110000101110001110000100101111110111101100011001110101111101110001
01010001001010011000000100001111000011011011100010111111000001110010000010111011011000001110110101101001010001100001010101000100101110111001111111001000010011011011111101001010110011001000101111011011
00010001000011000011101101000100010101001000111100101010110000111100100001011101010011100010100110010001111011100001110100011101110110100010101101001110010010101001001001110001010011101100001011101010
10101000010011111100110011011001100010010011111001101011111011011101111010010000011001001110010101100101000000011111101011101110011110000011001001100111101110001001110001001110011110100110110111101100
11001100001011100100000000000001101100001011011111111001000000100100100011001011001100001111001111010010000011110110011011011100010100011111110111101100100110011010011011110011111110100011000010101000
11111110101000000111111001010000011110010011001111101100010001111101100010111001101101111001100010000111111101101001100010101000101110001010011010101011110100000110001011000100010000000110100010010001
01111010000100110001010001010110110001001100011101010010011100011101000001010011011000011111011011111001100101010101101101000010010001011010011001110111011011110010101011101011100110110000100111000010
10110110111000011111011000010011000001111110111010001010111100110100110001001111001110011010111010001110000001001111100110100110100001001111000100000010110000110110001111111011111110101111011100000001
00000100011100010010100000110011110100001000001001110010111001011101111100000101011000110011100010100101100100101001000001000011011111110111000111100011011011111100100000011010111101110111011101001100
10011110010100110100010000100010001000011110000110110111000111011011101100011100001100100111011111100001100110001010011000010111111010000000000111011101100010110111001101111100101101001011001101110110
01100101110111101110100111100111000001000000011001011000111110100100100000000101100010000010100011000101000001000000101100011010000011010100101110000100110000001011100000110101110111101111011010100001
00000100010111101010001100011101100011110100100001101100110011100101010110000110000101111001001010000000100000111000100001101010100000111110000010110100100111100101100111111110101001100111000000010010
01110011101111010101010010000100011000011011111010101011111100110010010011110001101110111100101110000001001001010010100111011101000100101001101001111010000111101000000101000101110110101001010111000011
00010110100010110001001100000100011100001000101110101001101101000011110110011010010111101001110000101100111101111101101110000001000001111001110111000000010100010110110010100111101001111101100111110101
10111101011011011011110111011110011011110101101101010011100100100101000001110001001000101001101100111101110100100111011010011110100000011110000011001111011101000100000101100000100110111110100111111110
01100111110010111001011011010110110100011000011111001110011101011000010000010011001100110101011010100111000010101011000010001100001110010111010101100000101110000000010101101001011001000110110101111101
10111111011000011000101000010111001101010010101100110110011101101100010011101110000011011010011111010000101110111100110100001000110011001111010100101011010100110100011000100010110001110000111010111100
00010100010011001100000001101001000101000110000110000011100011000110001000111100000011110011010101000110001100000110101000001001111000111010111101111001110000001111111101011101110010010110000101100111
00111010111111011101111101010111100001100000010111101111001000010000011100010000001000001011010100110111111011110101101101000001110111100111111111001011110011101100001111100101001011100011101010000101
10011101011001101001011011010011100110100000110101000100000011111011000100011101101101000001001111100100000111101000101000101001011000010101110110110010101011001111001001101100001011011110010100111110
01101001110000011111000011111101101110010010110000100011010101101101110100010011011101111000101010001101010110100001000010100010011010001010010100000001100101001000111110000011000111011000010110000011
00001111101011100001100000101000011110111000100100100010100101110011001110000101010001101001101101011111111010100011001011011100101000001101100110100011111101000111010000100001010000010111110110100100
00001100101111011100001010010001101110000111011100001011111000110010010100010000100101100010000011101001111111101100001101100000011100001111101000100001001110000111001000100110001110010000111111100000
01000100001111111110011110001100000111101111011011100100011111001000000100001110100110110101010001010111000011001110100101110010001110001100111011001100011110111100001110110010010110110111111011110010
01111001000001000101001101011111010000111111000101010010111000011100111111000000011101111010111101011101011010001000111100000001000000000100110010011001100110010011001100000011100111001000100001110101
10110011111001101010001011000110010010001110100011101000011101101010000010111100000100110010000010111010100100101010111000010011001010111110101100100001010011001011111001100011000010100001011111001100
