01100101100100001110010000000011010110101000100000011001000101000001110100111111011011001101111100010101
10011010101000000100010110111101001000110000000101000010101101000001100110001110000001100010101001011101000001001111000111011001011000000000000010000000000001000101001001110110111011101001110110001110
01111101010101010100001101010101100111110001110000101001110110000010100010101101111100000010000000110000000011101010111011000100001010111010011000110110111100110001011010101101011111001011110110011110
00110110100010011111000101111000010100101111011010011011010011001110100110010011110011000010101101011101011100011000110001111101011111000010010000100010010101011001100100001100110100110101101011110011
10010011101000111110011110111111110100001000000111100101110010010110101101110001000101011111001010011011110110011001010010011001010101010111010000100000111100110111100101011111000011111011000111001011
00010000100110110110111101010010110010101100100111001110001000011010111110010001001001110111011010001011000011111101010000111001011111001011000000011100100010001011110001110100100100001110011010110001
00111101101001000001011100001010010101110011000110011100100011111111011111010000011001000111100000100000100000111011100011010100001000110000110000110011110011111000110001010110001010110001010100001111
10010000000000000000000110110011111100110111111001101001110101001010101111110010011000001111100100101000111110110001100111010100011000001010011011011101110000011101000001110100000010010110110100001010
00011010101110000000100111001101010010011000110000111000011100010001111101100110010110010000110011100100011101001001011010101010000000110000101101101101000001011111101000110111000001111110010101111010
01101101001111011011100000100100000011011111000000000000111000001100111110110100011000011010010110011000100011111011001100000110010110011010100011111110010101110011110011110000111101000101101001010010
00000001101000100001010101111001010101111101110110110101100101011010100101100100100111110110001110110101110000011011010111011001111000011101101011111011001101101100101111100100000100100011110011010000
10011110010011010111011010001101000001010010100101110000001010110000110110100011101010110111100110100011101000000011110010010101100101111100110110111011000101100000000111111000111110100000101011110001
00010011100011001110111101100011101101110110100000001100011010011100011011011011001100111110110010011101101111011100110011110101010010001000010111101100010000001000010000101011001011001111110011111010
00111100101111111000001000110011011000000110001111010001101010101100100101101101100100110101111010001111101011110110010100110110001000110000101110001110000100101111110111101100011001110101111101110001
01010001001010011000000100001111000011011011100010111111000001110010000010111011101100101111110000011110100010110010101000001010110111111110011101000110100011101101111100000101010011001110011111001111
10101000101001000011111110001010001010101100011110111111110010010100111000001110000011111011110011001000111111111010110010001100011011110011110100100101101011110100100101110001010011101100001011101010
10101000010011111100110011011001100010010011111001101011111011011101111010010000011001001110010101100101000000011111101011101110011110000011001001100111101110001001110001001110011110100110110111101100
11001100001011100100000000000001101100001011011111111001000000100100100011001011001100001111001111010010000011110110011011011100010100011111110111101100100110011010011011110011111110100011000010101000
11111110101010000001110110101000001111001001001111111100100000110110011011111100010110011110011011101001010110011100010001111110011101100111000111010111011010001001101111000000101000000001110001101000
00011111101010011000000000100011011010001100001110100011101110100100000000101001100110000101001101011001100101010101101101000010010001011010011001110111011011110010101011101011100110110000100111000010
10110110111000011111011000010011000001111110111010001010111100110100110001001111001110011010111010001110000001001111100110100110100001001111000100000010110000110110001111111011111110101111011100000001
00000100011100010010100000110011110100001000001001110010111001011101111100000101011000110011100010100101100100101001000001000011011111110111000101011011100111110100111000100111011110011001100110101110
01000111001000111010001000010001101110101101001001010001000001100101010110000100001110110001100101011000110011000101100100000011011111100000001001100110110011111001100110011100111110100101101100111011
00011010011011010111111011011011000001000000011001011000111110100100100000000101100010000010100011000101000001000000101100011010000011010100101110000100110000001011100000110101110111101111011010100001
00000100010111101010001100011101100011110100100001101100110011100101010110000110000101111001001010000000100000111000100001101010100000111110000010110100100111100101100111111110101001100111000000010010
01110011101111010101010010000100011000011011111010101011111100110010010011111000011111011110110101000010000110101011111011101100100000111100111100111101100001010100000000101000011001111110001011100011
00100011110001110000101110101000001100100100010111010110111110000001010001101111101001010110111000111110110100111100011101101010100010011110111011001000001010001011110010100111101001111101100111110101
10111101011011011011110111011110011011110101101101010011100100100101000001110001001000101001101100111101110100100111011010011110100000011110000011001111011101000100000101100000100110111110100111111110
01100111110010111001011011010110110100011000011111001110011101011000010000010011001100110101011010100111000010101011000010001100001110010111010101100000101110000000010101101001011001000110110101111101
10111111001000100010110000100100001000011010000100111010111000100100001000001010010001101001010100111101101010100001001011101100011000101101010101110010001100011101101000010000001101000110011111000011
11100011000111101001011011010101100110101111111100100100001001001111011011101100010010110110110111110011011000001011100010111100110110011001000011011100110100010000110101010110101100001001101001001111
11010001100101110001011111010111001110101001010110001000000001110010111101100011000110010101110010100100100111010111100111010000110011001101101011100100001011101111100101001001000100101110010010111100
11110110010001001111001111010011110000101011010110111101101001000111011100001111011001100000000111000011010001000000111100101100001010100010000110101100110100001011100100101001010110110011000100010110
10000111111100100100111110110110101011011101011001001010111011100110111110101011011100000001000010011011101101000001000001010101010010100010000011000110101000010100101000001001001011100001110001000001
10111011010010101101101100001000011110111000100100100010100101110011001110000101010001101001101101011111111010100011001011011100101000001101100110100011111101000111010000100001010000010111110110100100
00001100101111011100001010010001101110000111011100001011111000110010010100010000100101100010000011101001111111101100001101100000011100001111101000100001001110000111001000100110001110010000111111100000
01000100001111111110011110001100000111101111011011100100011111001000000110100111010001011000101000001001100001001111110010110011100111000110110101101110000111111110001101110001100001010011111111011011
10110110001010101010000100000101101010110101001000000001010110000100010111100000001100111101010110100100001101101110010110100000001000001010010011000110010001000011001100000011100111001000100001110101
10110011111001101010001011000110010010001110100011101000011101101010000010111100000100110010000010111010100100101010111000010011001010111110101100100001010011001011111001100011000010100001011111001100
00011010111001101100110010000101001111010011011010000011001000111111001011001001001110111010110110111001011011110000010001010011011000011101011111101101111010110001001010010011111010001101111101100001
10000100110101100010101010011110101101011000100101111111000100110100110010001000100011100111100000110011000011110111101111011010010010110110000111011010011110101010100000101110001011100001100101101100
10111001010111101010010111101110101011010001000011110001011000010101100110000110011100110011011011000110101011011110110101101111111100101000001111111010010111001000100110110011100010110010011010010101
00000101101100110010000110011010011110011111111010111000110101010100010001111000110101000101111010010000010000101011110010100000011001010110100011001000111111100010100000010110101100000011110111011111
10000110010001011001101101101000100001111101011101100100110010111100000010010110010011111110000001001100001011000100000010000010011010010001100101000110000101000110001010000001111000110111101111111100
01100011111011101011111101001110010010011101100001010111000101011110001110000100011100011110110000110101000100111111010111101100110110101111000111110011100001100111111011110110100101011111011101100010
01111101100101100110101110110101011011100001010010010101110000000011011101001110110010010101101010100100111110111100100101110101101010101110001101100110111101011111011100011001110111001010100000001010
10011100111001100101010010000010011000101001100100010000111011101000101111101011110000111101101010000110011011101010111101111011001100101110100000010111110011000010100101100010101001011101001110110101
11110101110011010110100011111100100100000111010000100101101001011000101111100111111010100110010010101001100010011001000101110100011011110010101011000111110111001100011111001000111110010100000001010110
01011001000011100100000000110101101010001000000110010001010000011101001111110110110011011111000101011001101010100000010001011011110100100011101000001010101110110100000110011000111000000110001010100101
11010000010011110001110110010110000000000000100000000000010001010010011101101110111010011101100011100111110101010101010000110101010110011111000111000010100111011000001010001010110111110000001000000011
00000000111010101110110001000010101110100110001101101111001100010110101011010111110010111101100111100011011010001001111100010111100001010010111101101001101101001100111010011001001111001100001010110101
11010111000110001100011111010111110000100100001000100101010110011001000011001101001101011010111100111001001110100011111001111011111111010000100000011110010111001001011010110111000100010101111100101001
10111101100110010100100110010101010101110100001000001111001101111001010101010010110101010001110010110001000010011011011011110101001011001010110010011100111000100001101011111001000100100111011101101000
10110000111111010100001110010111110010110000000111001000100010111100011101001001000011100110101100010011110110100100000101110000101001010111001100011001110010001111111101111101000001100100011110000010
00001000001110111000110101000010001100001100001100111100111110001100010101100010101100010101000011111001000000000000000000011011001111110011011111100110100111010100101010111111001001100000111110010010
10001111101100011001110101000110000010100110110111011100000111010000011101000000100101101101000010100001101010111000000010011100110101001001100011000011100001110001000111110110011001011001000011001110
01001011000011100011101010100000001100001011011011010000010111111010001101110000011111100101011110100110110100111101101110000010010000001101111100000000000011100000110011111011010001100001101001011001
10001000111110110011000001100101100110101000111111100101011100111100111100001111010001011010010100100000000110100010000101010111100101010111110111011011010110010101101010010110010010011111011000111011
0101110000011011010111011001111000011101101011111011001101101100101111100100000100100011110011010000100111100100110101110110100011010000010100101001011100000010