111000111110110100111100
01110110101010001001111011101100100000101000101101001101000111011011010011100101100001010100101101000101010001001101101101011000010100100011010000011010100000110000100110010100011100010110111010111001
10111100010101100000110110101100010100110010101000001011100001001101110111001101111110110001110001111110001101000001010000000110000101001101000100000110100000000011100100111000101101111011100001011101
10100100110000111001011101010110000010111000000001010110100101100100011011010111110110111111001000100010110000100100001000011010000100111010111000100100001000001010010001101001010100111101101010100001
00101110110001100010110101010111001000110001110110100001000000110100011001111100001111100011000111101001011011010101100110101111111100100100001001001111011011101100010010110110110111010001101100001111
11100111111011100110111010001110011011101010100011001010101101111010011001110000111101001010011000010000001101100011101111110100101011000110100000010011110100011001101011101000110001111000010001100011
11000110101011001100111011010111001010011111110111100010010010101001110110101111010011010011001000100111101111000001111000010101001001010100000011111011000100011101101101000001001111100100000111101000
10100010100101100001010111000111000101010110111100111011010000110110110110101001110110011100110000001111000011111110010101100011110010110001000010011100111010100001001110110110110111000100000011011010
00001101001110010110110110001000100001001000011001111100100100100100011000001100100100000111110101011010011010111100100101110100110000010001011010010011000111101010001010010100111110101111111111010011
10010110110011110010010011101111101111111010101100001001000010101000101101000111000010100110010101000100001111100010111111001011101100101101011110111001101010101000011010011001100001111100111101011100
00110001000010110010111111011001001010011110001100110001000110111100100011111110000001000100001111111110011110001100000111101111011011100100011111001000000110100111010001011000101000001001100001001111
11001011001110011100011011010110111000011111111000110111000110000101001111111101101110110110001010101010000100000101101010110101001000000001010110000100010111100000001100111101010110100100001101101110
01011010000000100000101001001100011001000100000110110010000101100100010001101011001001110001111110011101001101101011101011000101011001011110100100010101101001110100001010111001101011010101011010010111
11111010000110010101110101111011100000000110011101110001101110100101001010010110010010100111010100111100010001001000001111101001100101101001000110110101101101000100001101110101111001010100100101110010
00000101001101100001110101111110110111101011000100101001001111101000110111110110000110000100110101100010101010011110101101011000100101111111000100110100110010001000100011100111100000110011000011110111
10111101101001001011011000011101101001111010101010000010111000101110000110010110110010111001010111101010010111101110101011010001000011110001011000010101100110000110011100110011001101100001011101101101
01000001111111110011011010011101010100001100110011000101100101001101000110111100000000000010110100110011000001000111000101100101010111010110011000000010100000110100011010001000011111001000001000010101
01101111100010010010000111001100110011010101101101101010001111010000001101000110111101001001001000100110010110110110011010011110000110010100110010111100000010010110010011111110000001001100001011000100
00001000001001101001000110010100011000010100011000101000000111100011011110111111110001100011111011101011111101001110010010011101100001010111000101011110001110000100011100011110110000110101000100111111
01011110110011011010111100011111001110000110011111101111011010010101111101110110001001111101100101100110101111011000100101011010100011101000111010100001000100101111010011101000010101110010011101010110
01001001001011110101111100110011000101110010010110110010111011000110010111101010110111001110010110111000101011000011000110010100011010000000010111011110110101011101010010111100010101000011100101110101
01111011111110110001110111001010001101101100000101001011101111111000110100111011010111110101110011010110100011111100100100000111010000100101101001011000101111100111111010100110010010101001100010011001
00010111010001101111001010101100011111011100110001111100100011111001010000000101011001011001000011100100000000110101101010001000000110010001010000011101001111110110110011011111000101011001101010100000
01000101101111010010001110100000101010110111101010001100011011010010101110010101001011101000100011010010111001000001100010100010110000101010101000000001100100111101110111101110111011110011011010101000
00000001000000000110110110001100101111000100010010010100011101100111000010011000000100101000011111010111111000000001110111011001000110111111001100100001110101000011111011011100010001111001000101001110
11110001011110000101001011110110100110110100110011101001100100111100110000101011010111010111000110001100011111010111110000100100001000100101010110011001000011001101001101011010111100111001001110100011
11100111101111111101000010000001111001011100100101101011011100010001010111110010100110111101100110010100100110010101010101110100001000001111001101111001010101010010110101010010110001110010000011000101
10010101000010111110010111001110011011110011100001010101010000000001000110011011010011111000110111000010101101001001111011111010101011000110111011110110101100101100000001111011010100000001010011111010
00000001000001110000000110010000110011001100010101110001110000101001101000110110100100001110101111010110111000101001001110000100001100111100111110001100010101100010101100010101000011111001000000000000
00000001101100111111001101111110011010011101010010101011111100100110000011111001001010001111101100011001110101000110000010100110110111011100000111010000011101000000100101101101000010100001101010111000
00001001110011010100100110001100001110000111000100011111011001100101100100001100111001001011000011100011011111010010001100000111001111001010101001011101000110010010100111010000001101011011011000110100
11111110100100000010010011111010100000100111101011000111010100101001000001010010110011101100011101011001100000110010011011110100110101111010000100011110111100100111001010000101101010111010101001011001
10001010000101000000000101100110010110101100000001110100100100101001111101100011101101011100000110110101110110011110000111011010111110110011011011001011111001000001001000111100110100001001111001001101
01110110100011010000010100101001011100000010101100001101101000111010101101111001101000111010000000111100100101011001011111001101101110110001011000000001111110001111101000001010111100010001001110001100
11101111011000111011101110010110100001000001010001100001011011011011000111111110010001101111010011101100111110100000110011100010111101100000000011000000101111110001010001011100010111011011011011011101
01100001101100110001000010110011011000001101111101100100000111101100101110100111110011110101111110011010000110110001000100100101010001111010101101111110111111101011001110100111101100000010100010011001
10000001000011110000110110111000101111110000011100100000101110111011001011111100000111101000101100101010000010101101111111100111010001101000111011011111000001010100110011100111110011111010100010100100
00111111100010100010101011000111101111111100100101001110000011100000111110111100110010001111111110101100100011000110111100111101001001011010111101001001101110000000010111001001011111011101111000100111
01101100110001101110011010111101100111111111110001000101111010001001100001010000100100000010000011011111110111110001011010010011101100010101011001101100000011010011111100110100010111000110110010110111
00101010100000001111000011111001111101101000000100100100011001011001001001011011111010011000110110111011111011100010101001110100111011001001100110100110111100111111101000110000101010001111111010101000
00011101101010000011110010010011111111001000001101100110111111000101100111100110111010010101100111000100011111100111011001110001110101110110100010011011110000001010000000011100011010000001111110101001
10000000001000110110100011000011101000111011101001000000001010011001100001010011010111100110100010001101000010010000000001011001101110011001111100110101011101111100110100101100111010111101001101011000
11011001101010011010000101111111010011011101101100000110000011011011011001010111110011011000101001011100111110011100100011010000100010010100000100110011010101111111111101110001000010000000100000110010
00011110001110110100000011101001100110111101101001101111101001010110001100111000101001011001001010010000010000110111111101110001010110111001111101001110001001110111100110011001101011100100011100100011
10100010000100011011101011010010010100010000011001010101100001000011101100011001010110001100110001011001000000110111111000000010011001101100111110011001100111001111101001011011001110110001101001101101
01111110110110110010001010101011001011000101110110100100100010101110110010110100010010000010001000100101001011010000011010001101011010101100001001110100101110001100010101011011011110001000100010100111
01110001100001001100010110001110001101001100010110001010011000010000100101101001011010100110101101001110101101010110000111011010011100000100011100101110010101010101101100011000101010111011000110111101
01010100100001000110000110111110101010111111001100100100111110000111110111101101010000100001101010111110111011001000001111001111001111011000010101000000001010000110011111100010111000110010001111000111
00001011101010000011001001000101110101101111100000010100011011111010010101101110001111101101001111000111011010101000100111101110110010000010100010110100110100011101101101001110010110000101010010110100
01010100010011011011010110000101001000110100000110101000001100001001100101000111000101101110101110011011110001010110000011011010110001010011001010100000101110000100110111011100110111111011000111000111
11100011010000010100000001100001010011010001000001101000000000111001001110001011011110111000010111011010010001100001111000110101011000001011100000000101011010010110010001101101011111011011111100100010
00101100001001000010000110100001001110101110001001000010000010100100011010010101001111011010101000010010111011000110001011010101011100100011000111011010000100000011010001100111110000111110001100011110
10010110110101011001101011111111001001000010010011110110111011000100101101101101110100011011000011111110011111101110011011101000111001101110101010001100101010110111101001100111000011110100101001100001
00000011011000111011111101001010110001101000000100111101000110011010111010001100011110000100011000111100011010101100110011101101011100101001111111011110001001001010100111011010111101001101001100100010
01111011110000011110000101010010010101001101001000111011000011110110011000000001110000110100010000001111001011000010101000100001101011001101000010111001001010010101101100110001000101101000011111110010
01001111101101101010110111010110010010101110111001101111101010110111000000010000100110111011010000010000010101010100101000100000110001101010000101001010000010010010111000011100010000011011101101001010
11011011000010100011100100000011010100101100111100110111010110111100111000100101111110101100011001000011000010011011101101110111111001101111101010110110000100101010010101010001101000001011100000100011
00101111100000011001011111111010011110100000110011011011010111001101010011011110001111010010001101011001110101101000111011001001100111100011111000111100010100101110001010100000110111111010000111011011
01000001001111100100000111101000101000101001011000010101110001110001010101101111001110110100001101101101101010011101100111001100000011110000111111100101011000111100101100010000100111001110101000010011
1011011011011100010000001101101000001101