0001011101101101
01000001111111110011011010011101010100001100110011000101100101001101000110111100000000000010110100110011000001000111000101100101010111010110011000000010100000110100011010001000011111001000001000010101
01101111100010010010000111001100110011010101101101101010001111010000001111011101111110000110010001011001101101101000100001111101011101100100110010111100000010010110010011111110000001001100001011000100
00001000001001101001000110010100011000010100011000101000000111100011011110111111110001100011111011101011111101001110010010011101100001010111000101011110001110000100011100011110110000110101000100111111
01011110110011011010111100011111001110000110011111101111011010010101111101110110001001111101100101100110101111011000100101011010100011101000111010100001000100101111010011101000010101110010011101010110
01001001001011110101111100110011000101110010010110110010111011000110010111101010110111001110010110111000101011000011000110010100011010000000010111011110110101011101010010111100010101000011100101110101
01110111101100110010111010000001011111001100001010010110001010100101110100111011010111110101110011010110100011111100100100000111010000100101101001011000101111100111111010100110010010101001100010011001
00010111010001101111001010101100011111011100110001111100100011111001010000000101011001011001000011100100000000110101101010001000000110010001010000011101001111110110110011011111000101011001101010100000
01000101101111010010001110100000101010110111101010001100011011010010101110010101001011101000100011010010111001000001100010100010110000101010101000000001100100111101110111101110111011110011011010101000
00000001000000000110110110001100101111000100010010010100011101100111000010011000000100101000011111010111111000000001110111011001000110111111001100010110101011010111110010111101100111100011011010001001
11110001011110000101001011110110100110110100110011101001100100111100110000101011010111010111000110001100011111010111110000100100001000100101010110011001000011001101001101011010111100111001001110100011
11100111101111111101000010000001111001011100100101101011011100010001010111110010100110111101100110010100100110010101010101110100001000001111001101111001010101010010110101010010110001110010000011000101
10010101000010111110010111001110011011110011100001010101010000000001000110011011010011111000110111000010101101001001111011111010101011000110111011110110101100101100000001111011010100000001010011111010
00000001000001110000000110010000110011001100010101110001110000101001010001111000001000001000001110111000110101000010001100001100001100111100111110001100010101100010101100010101000011111001000000000000
00000001101100111111001101111110011010011101010010101011111100100110000011111001001010001111101100011001110101000110000010100110110111011100000111010000011101000000100101101101000010100001101010111000
00001001110011010100100110001100001110000111000100011111011001100101100100001100111001001011000011100011011111010010001100000111001111001010101001011101000110010010100111010000001101011011011000110100
11111110100100000010010011111010100000100111101011000111010100101001000001010010110011101100011101011001100000110010011011110100110101111010000100011110111100100111001010000101101010111010101001011001
00010101011110010101011111011101101101011001010110101001011001001001111101100011101101011100000110110101110110011110000111011010111110110011011011001011111001000001001000111100110100001001111001001101
01110110100011010000010100101001011100000010101100001101101000111010101101111001101000111010000000111100100101011001011111001101101110110001011000000001111110001111101000001010111100010001001110001100
11101111011000111011101110010110100001000001010001100001011011011011000111111110010001101111010011101100111110100000110011100010111101100000000011000000101111110001010001011100010111011011011011011101
01100001101100110001000010110011011000001101111101100100000111101100101110100111110011110101111110011010000110110001000100100101010011100001001011111101111011000110011101011111011100010101000100101001
10000001000011110000110110111000101111110000011100100000101110111011001011111100000111101000101100101010000010101101111111100111010001101000111011011111000001010100110011100111110011111010100010100100
00111111100010100010101011000111101111111100100101001110000011100000111110111100110010001111111110101100100011000110111100111101001001011010111101001001101110000000010111001001011111011101111000100111
01101100110001101110011010111101100111111111110001000101111010001001100001010000100100000010000011011111110111110001011010010011101100010101011001101100000011010011111100110100010111000110110010110111
00101010100000001111000011111001111101101000000100100100011001010011000011110011110100100000111101100110110111000101000111111101111011001001100110100110111100111111101000110000101010001111111010101000
00011101101010000011110010010011111111001000001101100110111111000101100111100110111010010101100111000100011111100111011001110001110101110110100010011011110000001010000000011100011010000001111110101001
10000000001000110110100011000011101000111011101001000000001010011001100001010011010111100110100010001101000010010000000001011001101110011001111100110101011101111100110100101100111010111101001101011000
11011001101010011010000101111111010011011101101100000110000011011011011001010111110011011000101001011100111110011100100011010000100010010100000100110011010101111111111101110001000010000000100000111011
01001001111001011001111111101010011001110000000100100111001110111101010101001000010001100001101111101010101111110011001001001111100001111101111011010100001000011010101111101110110010000011110011110011
11011000010101000000001010000110011111100010111000110010001111000111000010111010100000110010010001011101011011111000000101000110111110100101011011100011111011010011110001110110101010001001111011101100
10000010100010110100110100011101101101001110010110000101010010110100010101000100110110110101100001010010001101000001101010000011000010011001010001110001011011101011100110111100010101100000110110101100
01010011001010100000101110000100110111011100110111111011000111000111111000110100000101000000011000010100110100010000011010000000001100110011010101101010011100001010101100001000110000111001011101010110
00001011100000000101011010010110010001101101011111011011111100100010001011000010010000100001101000010011101011100010010000100000101001000110100101010011110110101010000100101110110001100010110101010111
00100011000111011010000100000011010001100111110000111110001100011110100101101101010110011010111111110010010000100100111101101110110001001011011011011101000110110000111111100111111011100110111010001110
01101110101010001100101010110111101001100111000011110100101001100001000000110110001110111111010010101100011010000001001111010001100110101110100011000111100001000110001111000110101011001100111011010111
00101001111111011110001001001010100111011010111101001101001101000100111100111101001111000010101101011011110110100100011101110000111101100110000000011100001101000100000011110010110000101010001000011010
11001101000010111001001010010101101100110001000101101000011111110010010011111011011010101101110101100100101011101110011011111010101101110000000100001001101110110100000100000101010101001010001000001100
01101010000101001010000010010010111000011100010000011011101101001010110110110000101000111001000000110101001011001111001101110101101111001110001001011111101011000110010000110000100110111011011101111110
01101111101010110110000100101010010101010001101000001011100000100011001011111000000110010111111110100111101000001100110110110101110011010100110111100011110100100011010110011101011010001110110001100110
10010110110100111001101000001101010001000000111110110001000111011011010000010011111001000001111010001010001010010110000101011100011100010101011011110011101101000011011011011010100111011001110011000000
11110000111111100101011000111100101100010000100111001110101000010011101101101101110001000000110110100000110100111001011011011000100010000100100001100111110010010010010001100000110010010000011111010101
10100110101111001001011101001100000100010110100100110001111010100010100101001111101011111111110100111001011011001111001001001110111110111111101010110000100100001010100010110100011100001010011001010100
01000011111000101111110010111011001011010111101110011010101010000110100110011000011111001111010111000011000100001011001011111010001000010011100001110010001001100011100100001111111000000100010000111111
11100111100011000001111011110110111001000111110010000001101001110100010110001010000010011000010011111100101100111001110001101101011011100001111111100011011100011000010100111111110110111011011000101010
10100001000001011010101101010010000000010101100001000101111000000011001111010101101001000011011011100101101000000010000010100100110001100100010000011011001000010110010001000110101100100111000111111001
11010011011010111010110001010110010111101001000101011010011101000010101110011010110101010110100101111111101000011001010111010111101110000000011001110111000110111010010100101001011001001010011101010011
11000100010010000011111010011001011010010001101101011011110010010011101110101101101110010110111100000100010100110110000111010111111011011110101100010010100100111110100011011111011000011000010011010110
00101010100111101011010110001001011111110001001101001100100010001000111001111000001100110000111101111011110110100100101101100001110110100111101010101000001011100010111000011001011011001011100101011110
10100101111011101010110100010000111100010110000101011001100001100111001100110011011000010111011011010100000111111111001101101001110101010000110011001100010110010100110100011011110000000000001011010011
00110000010001110001011001010101110101100110000000101000001101000110100010000111110010000010000101010110111110001001001000011100110011001101010110110110101000111101000000110100011011110100011001000101
10011011011010001000011111010111011001001100101111000000100101100100111111100000010011000010110001000000100000100110100100011001010001100001010001100010100000011110001101111011111111000110001111101110
10111111010011100100100111011000010101110001010111100011100001000111000111101100001101010001001111110101111011001101101011110001111100111000011001111110111101101001010111110111011000100111110110010110
01101011110110001001010110101000111010001110101000010001001011110100111010000101011100100111010101100100100100101111010111110011001100010111001001011011001011101100011001011110101011011100111001011011
10001010110000110001100101000110100000000101110111101101010111010100101111000101010000111001011101010111101111111011000111101000000101111100110000101001011000101010010111010011101101011111010111001101
01101000111111001001000001110100001001011010010110001011111001111110101001100100101010011000100110010001011101000110111100101010110001111101110011000111110010001111100101000000010101100101100100001110
01000000001101011010100010000001100100010100000111010011111101101100110111110001010110011010101000000100010110111101001000111010000010101011011110101000110001101101001010111001010100101110100010001101
00101110010000011000101000101100001010101010000000011001001111011101111011101110111100110110101010000000000100000000011011011000110010111100010001001001010001110110011100001001100000010010100001111101
01111110000000011101110110010001101111110011001000011010110101111100101111011001111000110110100010011111000101111000010100101111011010011011010011001110100110010011110011000010101101011101011100011000
11000111110101111100001001000010001001010101100110010000110011010011010110101111001110010011101000111110011110111111110100001000000111100101110010010110101101110001000101011111001010011011110110011001
010010011001010101010111010000100000111100110111