00110100
11111110100100000010010011111010100000100111101011000111010100101001000001010010110011101100011101011001100000110010011011110100110101110101011100111100111100001111010001011010010100100000000110100010
00010101011110010101011111011101101101011001010110101001011001001001111101100011101101011100000110110101110110011110000111011010111110110011011011001011111001000001001000111100110100001001111001001101
01110110100011010000010100101001011100000010101100001101101000111010101101111001101000111010000000111100100101011001011111001101101110110001011000000001111110001111101000001010111100010001001110001100
11101111011000111011101110010110100001000001010001100001011011011011000111111110010001101111010011101100111110100000110011100010111101100000000011000000101111110001010001011100010111011011011011011101
01100001101100110001000010110011011000001101111101100100000111101100001101011110100011111010111101100101001101100010001100001011100011100001001011111101111011000110011101011111011100010101000100101001
10000001000011110000110110111000101111110000011100100000101110111011001011111100000111101000101100101010000010101101111111100111010001101000111011011111000001010100110011100111110011111010100010100100
00111111100010100010101011000111101111111100100101001110000011100000111110111100110010001111111110101100100011000110111100111101001001011010111101001001101110000000010111001001011111011101111000100111
01101100110001101110011010111101100111111111110001000101111010001001100001010000100100000010000011011111110111110001011010010011101100010101011001101100000011010011111100110100010111000110110010110111
01000000000000011011000010110111111110010000001001001000110010110011000011110011110100100000111101100110110111000101000111111101111011001001100110100110111100111111101000110000101010001111111010101000
00011101101010000011110010010011111111001000001101100110111111000101100111100110111010010101100111000100011111100111011001110001110101110110100010011011110000001010000000011100011010000001111110101001
10000000001000110110100011000011101000111011101001000000001010011001100001010011010111100110100010001101000010010000000001011001101110011001111100110101011101111100110100101100111010111101001101011000
11011001101010011010000101111111010011011101101100000110000011011011011001010111110011011000101001011100111110011100100011010000100000101100001101100011111110111111101011110111000000010000010001110001
00101000001100111101000010000010011100101110010111011111000001010110001100111000101001011001001010010000010000110111111101110001010110111001111101001110001001110111100110011001101011100100011100100011
10100010000100011011101011010010010100010000011001010101100001000011101100011001010110001100110001011001000000110111111000000010011001101100111110011001100111001111101001011011001110110001101001101101
01111110110110110010001010101011001011000101110110100100100010101110110010110100010010000010001000100101001011010000011010001101011010101100001001110100101110001100010101011011011110001000100010100111
01110001100001001100010110001110001101001100010110001010011000010001011110010010100000001000001110001000011010101000001111100000101101001001111001011001111111101010011001110000000100100111001110111101
01010100100001000110000110111110101010111111001100100100111110000111110111101101010000100001101010111110111011001000001111001111001111011000010101000000001010000110011111100010111000110010001111000111
00001011101010000011001001000101110101101111100000010100011011111010010101101110001111101101001111000111011010101000100111101110110010000010100010110100110100011101101101001110010110000101010010110100
01010100010011011011010110000101001000110100000110101000001100001001100101000111000101101110101110011011110001010110000011011010110001010011001010100000101110000100110111011100110111111011000111001011
10010110110101101101000110000111110011100111010110000100000100110011001101010110101001110000101010110000100011000011100101110101011000001011100000000101011010010110010001101101011111011011111100100010
00101100001001000010000110100001001110101110001001000010000010100100011010010101001111011010101000010010111011000110001011010101011100100011000111011010000100000011010001100111110000111110001100011110
10010110110101011001101011111111001001000010010011110110111011000100101101101101110100011011000011111110011111101110011011101000111001101110101010001100101010110111101001100111000011110100101001100001
00000011011000111011111101001010110001101000000100111101000110011010111010001100011110000100011000111100011010101100110011101101111001000010111011111001010010010001001011100100101111001111011001000100
11110011110100111100001010110101101111011010010001110111000011110110011000000001110000110100010000001111001011000010101000100001101011001101000010111001001010010101101100110001000101101000011111110010
01001111101101101010110111010110010010101110111001101111101010110111000000010000100110111011010000010000010101010100101000100000110001101010000101001010000010010010111000011100010000011011101101001010
11011011000010100011100100000011010100101100111100110111010110111100111000100101111110101100011001000011000010011011101101110111111001101111101010110110000100101010010101010001101000001011100000100011
00101111100000011001011111111010011110100000110011011011010111001011110011101100001111100101001011100011101010000101100111010110011010010110110100111001101000001101010001000000111110110001000111011011
01000001001111100100000111101000101000101001011000010101110001110001010101101111001110110100001101101101101010011101100111001100000011110000111111100101011000111100101100010000100111001110101000010011
10110110110111000100000011011010000011010011100101101101100010001000010010000110011111001001001001000110000011001001000001111101010110100110101111001001011101001100000100010110100100110001111010100010
10010100111110101111111111010011100101101100111100100100111011111011111110101011000010010000101010001011010001110000101001100101010001000011111000101111110010111011001011010111101110011010101000001001
01100010000011101001111111101100001101100000011100001111101000100001001110000111001000100110001110010000111111100000010001000011111111100111100011000001111011110110111001000111110010000001101001110100
01011000101000001001100001001111110010110011100111000110110101101110000111111110001101110001100001010011111111011011101101100010101010100001000001011010101101010010000000010101100001000101111000000011
00111101010110100100001101101110010110100000001000001010010011000110010001000001101100100001011001000100011010110010011100011111100111010011011010111010110001010110010111101001000101011010011101000010
10111001101011010101011010010111111110100001100101011101011110111000000001100111011100011011101001010010100101100100101001111110011011001100100001010011110100110110100000110010001111110010110010010011
10111010110110111001011011110000010001010011011000011101011111101101111010110001001010010011111010001101111101100001100001001101011000101010100111101011010110001001011111110001001101001100100010001000
11100111100000110011000011110111101111011010010010110110000111011010011110101010100000101110001011100001100101101100101110010101111010100101111011101010110100010000111100010110000101011001100001100111
00110011001101100001011101101101010000011111111100110110100111010101000011001100110001011001010011010001101111000000000000101101001100110000010001110001011001010101110101100110000000101000001101000110
10001000011111001000001000010101011011111000100100100001100011001000111111100010100000010110101100000011110111011111100001100100010110011011011010001000011111010111011001001100101111000000100101100100
11111110000001001100001011000100000010000010011010010001100101000110000101000110001010000001111000110111101111111100011000111110111010111111010011100100100111011000010101110001010111100011100001000111
00011110110000110101000100111111010111101100110110101111000111110011100001100111111011110110100101011111011101100010011111011001011001101011110110001001010110101000111010001110101000010001001011110100
11101000010101110010011101010110010010010010111101011111001100110001011100100101101100101110110001100101111010101101110011100101101110001010110000110001100101000110100000000101110111101101111010111100
00111101101010000110011011101010111101111011001100101110100000010111110011000010100101100010101001011101001110110101111101011100110101101000111111001001000001110100001001011010010110001011111001111110
10100110010010101001100010011001000101110100011011110010101011000111110111001100011111001000111110010100000001010110010110010000111001000000001101011010100010000001100100010100000111010011111101101100
11011111000101011001101010100000010001011011110100100011101000001010101101111010100011000110110100101011100101010010111010001000110100101110010000011000101000101100001010101010000000011001001111011101
11101110111011110011011010101000000000010000000001101101100011001011110001000100100101000111011001110000100110000001001000001110101011101100010000101011101001100011011011110011000101101010110101111100
10111101100111100011011010001001111100010111100001010010111101101001101101001100111010011001001111001100001010110101110101110001100011000111110101111100001001000010001001010101100110010000110011010011
01011010111100111001001110100011111001111011111111010000100000011110010111001001011010110111000100010101111100101001101111011001100101001001100101010101011101000010000011110011011110010101010100101101
01010010110001110010000011000101100101010000101111100101110011100110111100111000010101010100000000010001100110110100111110001101110000101011010010011110111110101010110001101110111101101011001011000000
01111011010100000001010011111010000000010000011100000111001100011001110010001111111101111101000001100100011110000010000010000011101110001101010000100011000011000011001111001111100011000101011000101011
00010101000011111001000000000000000000011011001111110011011111100110100111010100101010111111001001100000111110010010100011111011000110011101010001100000101001101101110111000001110100000111010000001001
01101101000010100001101010111000000010011100110101001001100011000011100001110001000111110110011001011001000011001110010010110000111000110111110100100011000001110011110010101010010111010001100100101001
11010000001101011011011000110100111111101001000000100100111110101000001001111010110001110101001010010000010100101100111011000111010110011000001100100110111101001101011110100001000111101111000011110100
01011010010100100000000110100010000101010111100101010111110111011011010110010101101010010110010010011111011000111011010111000001101101011101100111100001110110101111101100110110110010111110010000010010
00111100110100001001111001001101011101101000110100000101001010010111000000101011000011011010001110101011011110011010001110100000001111001001010110010111110011011011101100010110000000011111100011111010
00001010111100010001001110001100111011110110001110111011100101101000010000010100011000010110110110110001111111100100011011110100111011001111101000001100111000101111011000000000110000001011111100010100
01011100010111011011011011011101011000011011001100010000101100110110000011011111011001000001111011001011101001111100111110101111011001010011011000100011000010111000111000010010111111011110110001100111
01011111011100010101000100101001100000010000111100001101101110001011111100000111001000001011101110110010111111000001111010001011001010100000101011011111111001110100011010001110110111110000010101001100
11100111110011111010100010100100001111111000101000101010110001111011111111001001010011100000111000001111101111001100100011111111101011001000110001101111001111010010010110101111010010011011100000000101
11001001011111011101111000100111011011001100011011100110