01101011110110011111111111000100010111101000100110000101000010010000001000001101
11111101111100010110100100111011000101010110011011000000110100111111001101000101110001101100101101110010101010000000111100001111100111110110100000010010010001100101100100100101101111101001100011011011
10111110111000101010011101000111010001100100111100011111001101010111101100001111010001010111011101100000111011010110100101000110000101010100010010111011100111111100100001001101101111110100101011001100
10001011110110110001000100001100001110110100010001010100100011110010101011000011110010000101110101001110001010011001000111101110000111010001110111011010001010110100111001001010100100100111000101001110
11000010111010101010100001001011100110011111001101010111011111001101001011001110101111010011010110001101100110101001101000010111111101001101110110110000011000001101101101100101011111001101100010100101
11001111100111001000110100001000100101000001001100110101011111111111011100010000100000001000001100100001111000111011010000001110100110011011110110100110111110101000100100110011010011011010011010110100
00100000000100011111100100000000011111100101000001111001001100111110110001000111110110001011100110110111100110001000011111110110100110001010100010111000101001101010101111010000011000101100010001000000
01101000100100010111101000010011000101000101011011000100110001110101001001110001110100000101001101100001111101101111100110010101010110110100001001000101101001101010111011001011010001001000001000100010
01010010110100000110100011010110101011000010011101001011100011000101010110110111100010001000101001110111000110000100110001011000111000110100110001011000101001100001000010010110100101101010011010110100
11101011010101100001110110100111000001000111001011100101010101011011000110001010101110110001111111000010001001000000101100100101011101011101011110111011101001111110001101101111110010000001101011110111
01110111010011001001111001010011010001000010001000100001111000011011011100011101101110110001110000110010011101111110000110011000101001100001011111101000000000011101110110001011011100110111110010110100
10110011011101100110010111011110111010011110011100000100000001100101100011111010010010000000101101000101010001001101101101011000010100100011010000011010100000110000100110010100011100010110111010111001
10111100010101100000110110101100010100110010101000001011100001001101110111001101111110110001110001111110001101000001010000000110000101001101000100000110100000000011100100111000101101111011100001011101
10100100011000011110001100101011101011010100100010000011011010010000001111100011010011011111000110111011110010111000000100100101001010011101110100010010100110100111101000011110100000010100010111011010
10010101110000110001011010001011000100110000010001110000100010111010100110110100001111011001101001011110100111000010110011110111110110111000000100000111100111011100000001010001011011001010011110100111
11011001111101011011110110001110011011101010100011001010101101111010011001110000111101001010011000010000001101100011101111110100101011000110100000010011110100011001101011101000110001111000010001100011
11000110101011001100111011010111001010011111110111100010010010101001110110101111010011010011001000100111101111000001111000010101001001010100110100100011101110101101000100110000000011101001001010001000
11011011111010110111101100000101010011000000110101000011010000100111000110000000100101000001010110011000011111110011111101000100001100001101110111010001111111111111000100100010101001000111010100101000
10001010100000101101001100101100001111011010101001110000111010110101100001001000101011011101100011010110110110101111001101100000101110001011110011011001100101011011110011100010010111111010110001100100
00110000100110111011011101111110011011111010101101100001001010100101010100011010000010111000001000110010111110000001100101111111101001111010000011001101101101011100110101001101111000111101001000110101
10011101011010001110110010011001111000111110001111000101001011100010101000001101111110100000111011011000000000111101001010001101010011110001110000010000000001100001100010100001011100110101001010110011
01100111011011000100111011100000110110100111110100001011101111001101000010001100110011110101001010110101001101000110001000101100011100001110101111000001010001001100110000000110100100010100011000011000
00111000110001100010001111000000111100110101010001100011000001101010000010011110001110101110101000101001010011111010111111111101001110010110110011110010010011101111101111111010101100001001000010101000
10110100011100001010011001010100010000111110001011111100101110110010110101111011100110101010100001101001100110000111110011110101110000110001000010110010111111011001001010011110001100110001000110111100
10000101111100100010001010110111110100110110110010000111110100010101000000111100011010101101101100101010110011110010011011000010110111100101001111100110100111000001111100001111110110111001001011000010
00110101011011011101000100110111011110001010100011010101101000010000101000100110100010100101000000011001010010001111100000110001110110000101100000110000111110101110000110000010100001111011100010010010
00101001011100110011000111111001110100110110101110101100010101100101111010010001010110100111010000101011100110101101010101101001011111111010000110010101110101111011100000000110011101110001101110100101
00101001011001001010011101010011110001000100100000111110100110010110100100011011010110110100010000110111010111100101010010010111001000001010100100011000110000111111110011110101100000111100101111011100
11001111100100000110000011101001101101010100010101110000110011101001011100100011100011001110110011000111101111000011101100100101101101111110111100100111100100000100010100110101111101000011111100010101
00101110000111001111110000000111011110101111010111010110100010001111000000010000000001001100100110011001100100110011000000111001110010001000011101011011011010011101010100001100110011000101100101001101
00011011110000000000001011010011001100000100011100010110010101011101011001100000001010000011010001101000100001111100100000100001010101101111100010010010000111001100110011010101101101101010001111010000
00110100011011110100100100100010011001011011011001101001111000011001101001101101011010101110100110101101011100100000011000111100000010101110100100110100100011101000000100000010100100111110000001111011
10110111011111001001000101010101110111110000011100100100111011100010101100001000011110010110101000011010010101000001000010000001110100100111110011000111011110101101000111101001100101011111001101001010
01111001001110110011010011001011001101110110110001101010110111101101011011111111001000010010111101001110100001010111001001110101011001001001001011110101111100110011000101110010010110110010111011000110
01011110101011011100111001011011100010101100001100011001010001101000000001011101111011010101110101001011110001010100001110010111010101111011111110110001110111001010001101101100000101001011101111111000
11001001011110000101001011001100101111000101110011000000100110000001000001011000011001110111100111010111100110000101010001101100011010100011101010011101001111011100001111101100110010010110111001011110
10100010101010010010010010001111001010001001001011110110011010101110100010001010010010110111101101100100110110101000111011010111101010101010110101001011101101111000110101111011010101101110000101001001
01011100000000111110100010001101001011100100000110001010001011000010101010100000000110010011110111011110111011101111001101101010100000000001000000000110110110001100101111000100010010010100011101100111
00001001100000010010100001111101011111100000000111011101100100011011111100110010000111010100001111101101110001000111100100010100111011110010001111101010101111011011110001011010110001110100111010010100
11100001111100000110100110101100010010011100000101100001001000110011101010001100111000000100110010111010110111011011110000011111001111010001111111011110001001001000110100000110111000010101000100100010
00101101001111100111111011001100101011100110101000100001000000011000111100111011010000100000000101000010101101000001100110001110000001100010101001011110010111001110011011110011100001010101010000000001
00011001101101001111100011011100001010110100100111101111101010101100011011101111011010110010110000000111101101010000000101001111101000000001000001110000000110010000110011001100010101110001110000101001
10100011011010010000111010111101011011100010100100111000010000111011011011110100111000001011100101110010100010001101011000100010100010000000011110111111101100110101100111101110101011010101110100010001
10101111011000110100110111110010111001001010001100100111000101101100111000101110101000010000001011001011110000101101001011110111011010101110010001100010111001100110100101100011101010101111100100010000
11100010111001111010111100001111101100011100101100010000100110110110111101010010110100011001001010011101000000110101101101100011010011111110100100000010010011111010100000100111101011000111010100101001
00000101001011001110110001110101100110000011001001101111010011010111101000010001111011110010011100101000010110101011101010100101100110001010000101000000000101100110010110101100000001110100100100100110
11011011000111011010110000000111001011100100111100100100010101010101001100110110111101111010100010010011111011000000011011110000110000011011011001000000101000110110001110101001110100000100110110111111
11010011111001011011110100000011110011100000010000110100011001010101001010011010100001110100110101110000111101110010101010011100111001110101100110011101011101001001011010101010000000110000101101101101
00000101111101000110111101001110110011111010000011001110001011110110000000001100000010111111000101000101110001011101101101101101110101100001101100110001000010110011011000001101111101100100000111101100
10111010011111001111010111111001101000011011000100010010010101000111101010110111111011111110101100111010011110110000001010001001011011101000001001111010110001110110111111110010100100111010010111110111
00111101110000101101110001110001011110001111010001111101100110101011110001011110010110100000001011100101000101100101111101000111000000111111011001010011010101000011110101111110011010101101101001110010
01111101010001101110010111110101010001001110001101110011010010011000111111010010011001110110100000001100011010011100011011011011001100111110110001101110011010111101100111111111110001000101111010001001
10000101000010010000001000001101111111011111000101101001001110110001010101100110110000001101001111110011010001011100011011001011011100101010100000001111000011111001111101101000000100100100011001011001
00100101101111101001100011011011101111101110001010100111010001110100011001001111000111110011010101111011000011110100010101110111011000001110110101101001010001100001010101000100101110111001111111001000
01001101101111110100101011001100100010111101101100010001000011000011101101000100010101001000111100101010110000111100100001011101010011100010100110010001111011100001110100011101110110100010101101001110
01001010100100100111000101001110110000101110101010101000010011111100110011010011010101110111110011010010110011101011110100110101100011011001101010011010000101111111010011011101101100000110000011011011
01100101011111001101100010100101110011111001110010001101000010001001010000010011001101010111111111110111000100001000000010000011001000011110001110110100000011101001100110111101101001101111101010001001
00110011010011011010011010110100001000000001000111111001000000000111111001010000011110010011001111101100010001111101100010111001101101111001100010000111111101101001100010101000101110001010011010101011
1101000001100010110001000100000001101000100100010111101000010011000101000101011011000100110001110101001001110001110100000101001101100001111101101111100110010101010110110100001001000101