010001111110011101100111000111010111011010001001101111000000101000000001110001101000000111111010100110000000001000110110100011000011101000111011101001000000001010011001
10000101001101011110011010001000110100001001000000000101100110111001100111110011010101110111110011010010110011101011110100110101100011011001101010011010000101111111010011011101101100000110000011011011
01100101011111001101100010100101110011111001110010001101000010001001010000010011001101010111111111110111000100001000000010000011001000011110001110110100000011101001100110111101101001101111101010001001
00110011010011011010011010110100001000000001000111111001000101011011100111110100111000100111011110011001100110101110010001110010001110100010000100011011101011010010010100010000011001010101100001000011
10110001100101011000110011000101100100000011011111100000001001100110110011111001100110011100111110100101101100111011000110100110110101111110110110110010001010101011001011000101110110100100100010101110
11001011010001001000001000100010010100101101000001101000110101101010110000100111010010111000110001010101101101111000100010001010011101110001100001001100010110001110001101001100010110001010011000010000
10010110100101101010011010110100111010110101011000011101101001110000010001110010111001010101010110110001100010101011101100011111110000100010010000001011001001010111010111010111101110111010111110000111
11011110110101000010000110101011111011101100100000111100111100111101100001010100000000101000011001111110001011100011001000111100011100001011101010000011001001000101110101101111100000010100011011111010
01010110111000111110110100111100011101101010100010011110111011001000001010001011010011010001110110110100111001011000010101001011010001010100010011011011010110000101001000110100000110101000001100001001
10010100011100010110111010111001101111000101011000001101101011000101001100101010000010111000010011011101110011011111101100011100011111100011010000010100000001100001010011010001000001101000000000111001
00111000101101111011100001011101101001000110000111100011001010111010110101001000100000110110100100000011111000110100110101011100011100010101011011110011101101000011011011011010100111011001110011000000
11110000111111100101011000111100101100010000100111001110101000010011101101101101110001000000110110100000110100111001011011011000100010000100100001100111110010010010010001100000110010010000011111010101
10100110101111001001011101001100000100010110100100110001111010100010100101001111101011111111110100111001011011001111001001001110111110111111101010110000100100001010100010110100011100001010011001010100
01000011111000101111110010111011001011010111101110011010101010000110100110011000011111001111010111000011000100001011001011111101100100101001111000110011000100011011110010000101111100100010001010110111
11010011011011001000011111010001010100000011110001100001101001110100010110001010000010011000010011111100101100111001110001101101011011100001111111100011011100011000010100111111110110111011011000101010
10100001000001011010101101010010000000010101100001000101111000000011001111010101101001000011011011100101101000000010000010100100110001100100010000011011001000010110010001000110101100100111000111111001
11010011011010111010110001010110010111101001000101011010011101000010101110011010110101010110100101111111101000011001010111010111101110000000011001110111000110111010010100101001011001001010011101010011
11000100010010000011111010011001011010010001101101011011010001000011011101011110010101001001011100100000101010010001100011000011111111001111010110000011110010111101110011001111100100001000010011010110
00101010100111101011010110001001011111110001001101001100100010001000111001111000001100110000111101111011110110100100101101100001110110100111101010101000001011100010111000011001011011001011100101011110
10100101111011101010110100010000111100010110000101011001100001100111001100110011011000010111011011010100000111111111001101101001110101010000110011001100010110010100110100011011110000000000001011010011
00110000010001110001011001010101110101100110000000101000001101000110100010000111110010000010000101010110111110001001001000011100110011001101010110110110101000111101000000110100011011110100100100100010
01100101101101100110100111100001100110100110110101101010111010011010110101110010000001100011110000001010111010010011100100011001010001100001010001100010100000011110001101111011111111000110001111101110
10111111010011100100100111011000010101110001010111100011100001000111000111101100001101010001001111110101111011001101101011110001111100111000011001111110111101101001010111110111011000100111110110010110
01101011110110001001010110101000111010001110101000010001001011110100111010000101011100100111010101100100100100101111010111110011001100010111001001011011001011101100011001011110101011011100111001011011
10001010110000110001100101000110100000000101110111101101010111010100101111000101010000111001011101010111101111111011000111011100101000110110110000010100101110111111100011001001011110000101001011001100
10111100010111001100000010011000000100000101100010001011111001111110101001100100101010011000100110010001011101000110111100101010110001111101110011000111110010001111100101000000010101100101100100001110
01000000001101011010100010000001100100010100000111010011111101101100110111110001010110011010101000000100010110111101001000111010000010101011011110101000110001101101001010111001010100101110100010001101
00101110010000011000101000101100001010101010000000011001001111011101111011101110111100110110101010000000000100000000011011011000110010111100010001001001010001110110011100001001100000010010100001111101
01111110000000011101110110010001101111110011001000011101010000111110110111000100011110010001010011101111001000111110101010111101101111000101101011000111010011101001010011100001111101011101011100011000
11000111110101111100001001000010001001010101100110010000110011010011010110101111001110010011101000111110011110111111110100001000000111100101110010010110101101110001000101011111001010011011110110011001
01001001100101010101011101000010000011110011011110010101010100101101010100101100011100100000110001011001010100001011111001011100111001101111001110000101010101000000000100011001101101001111100011011100
00101011010010011110111110101010110001101110111101101011001011000000011110110101000000010100111110100000000100000111000000011001000011001100110001010111000111000010100110100011011010010000111010111101
01101110001010010011100001000011101101101111010011100000101110010111001010001000110101100010001010001000000001110011111100110111111001101001110101001010101111110010011000001111100100101000111110110001
10011101010001100000101001101101110111000001110100000111010000001001011011010000101000011010101110000000100111001101010010011000110000111000011100010001111101100110010110010000110011100100101100001110
00110111110100100011000001110011110010101010010111010001100100101001110100000011010110110110001101001111111010010000001001001111101010000010011110101100011101010010100100000101001011001110110001110101
10011000001100100110111101001101011110100001000111101111001001110010100001011010101110101010010110011000101000010100000000010110011001011010110000000111010010010010011011011011000111011010110000000111
00101110010011110010010001010101010100110011110000011110100010110010101000001010110111111110011101000110100011101101111100000101010011001110011111001111101010001010010000111111100010100010101011000111
10111111110010010100111000001110000011111011110011001000111111111010110010001100011011110011110100100101101011110100100110111000000001011100100101111101110111100010011101101100110001101110011010111101
10011111111111000100010111101000100110000101000010010000001000001101111111011111000101101001001110110001010101100110110000001101001111110011010001011100011011001011011100101010100000001111000011111001
11110110100000010010010001100101100100100101101111101001100011011011101111101110001010100111010001110100011001001111000111110011010101111011000011110100010101110111011000001110101010000011110010010011
11111100100000110110011011111100010110011110011011101001010110011100010001111110011101100111000111010111011010001001101111000000101000000001110001101000000111111010100110000000001000110110100011000011
10100011101110100100000000101001100110000101001101011110011010001000110100001001000000000101100110111001100111110011010101110111110011010010110011101011110100110101100011011001101010011010000101111111
01001101110110110000011000001101101101100101011111001101100010100101110011111001110010001101000010001001010000010011001101010111111111110111000100001000000010000011001000011110001110110100000011101001
10011011110110100110111110101000100100110011010011011010011010110100001000000001000111111001000000000111111011110100111000100111011110011001100110101110010001110010001110100010000100011011101011010010
01010001000001100101010110000100001110110001100101011000110011000101100100000011011111100000001001100110110011111001100110011100111110100101101100111011000110100110110101111110110110110010001010101011
00101100010111011010010010001010111011001011010001001000001000100010010100101101000001101000110101101010110000100111010010111000110001010101101101111000100010001010011101110001100001001100010110001110
00110100110001011000101001100001000010010110100101101010011010110100111010110101011000011101101001110000010001110010111001010101010110110001100010101011101100011111110000100010010000001011001001010111
01011101011110111011101001111110001101101110110101000010000110101011111011101100100000111100111100111101100001010100000000101000011001111110001011100011001000111100011100001011101010000011001001000101
11010110111110000001010001101111101001010110111000111110110100111100011101101010100010011110111011001000001010001011010011010001110110110100111001011000010101001011010001010100010011011011010110000101
00100011010000011010100000110000100110010100011100010110111010111001101111000101011000001101101011000101001100101010000010111000010011011101110011011111101100011100011111100011010000010100000001100001
01001101000100000110100000000011100100111000101101111011100001011101101001000110000111100011001010111010110101001000100000110110100100000011111000110100110111110001101110111100001001000010000110100001
00111010111000100100001000001010010001101001010100111101101010100001001011101100011000101101010101110010001100011101101000010000001101000110011111000011111000110001111010010110110101011001101011111111
00100100001001001111011011101100010010110110110111010001101100001111111001111110111001101110100011100110111010101000110010101011011110100110011100001111010010100110000100000011011000111011111101001010
11000110100000010011110100011001101011101000110001111000010001100011110001101010110011001110110101110010100111111101111000100100101010011101101011110100110100110010001001111011110000011110000101010010
01010100110100100011101110101101000100110000000011101001001010001000110110111110101101111011000001010100110100001011100100101001010110110011000100010110100001111111001001001111101101101010110111010110
01001010111011100110111110101011011100000001000010011011101101000001000001010101010010100010000011000110101000010100101000001001001011100001110001000001101110110100101011011011000010100011100100000011
01010010110011110011011101011011110011100010010111111010110001100100001100001001101110110111011111100110111110101011011000010010101001010101000110100000101110000010001100101111100000011001011111111010
01111010000011001101101101011100110101001101111000111101001000110101100111010110100011101100100110011110001111100011110001010010111000101010000011011111101000001110110110000000001111010010100011010100
111100011100000100000000011000011000010101101111001110110100001101101101101010011101100111001100