11000001110100000111010000001001
01101101000010100001101010111000000010011100110101001001100011000011100001110001000111110110011001011001000011001110010010110000111000110111110100100011000001110011110010101010010111010001100100101001
11010000001101011011011000110100111111101001000000100100111110101000001001111010110001110101001010010000010100101100111011000111010110011000001100100110111101001101011110100001000111101111001001110010
10000101101010111010101001011001100010100001010000000001011001100101101011000000011101001001001001101101101100011101101011000000011100101110010001110010000010111011101100101111110000011110100010110010
10100000101011011111111001110100011010001110110111110000010101001100111001111100111110101000101001000011111110001010001010101100011110111111110010010100111000001110000011111011110011001000111111111010
11001000110001101111001111010010010110101111010010011011100000000101110010010111110111011110001001110110110011000110111001101011110110011111111111000100010111101000100110000101000010010000001000001101
11111101111100010110100100111011000101010110011011000000110100111111001101000101110001101100101101110010101010000000111100001111100111110110100000010010010001100101100100100101101111101001100011011011
10111110111000101010011101000111010001100100111100011111001101010111101100001010100011111110101010000001110110101000001111001001001111111100100000110110011011111100010110011110011011101001010110011100
01000111111001110110011100011101011101101000100110111100000010100000000111000110100000011111101010011000000000100011011010001100001110100011101110100100000000101001100110000101001101011110011010001000
11010000100100000000010110011011100110011111001101010111011111001101001011001110101111010011010110001101100110101001101000010111111101001101110110110000011000001101101101100101011111001101100010100101
11001111100111001000110100001000100101000001001100110101011111111111011100010000100000001000001100100001111000111011010000001110100110011011110110100110111110101000100100110011010011011010011010110100
00100000001101111111011100010101101110011111010011100010011101111001100110011010111001000111001000111010001000010001101110101101001001010001000001100101010110000100001110110001100101011000110011000101
10010000001101111110000000100110011011001111100110011001110011111010010110110011101100011010011011010111111011011011001000101010101100101100010111011010010010001010111011001011010001001000001000100010
01010010110100000110100011010110101011000010011101001011100011000101010110110111100010001000101001110111000110000100110001011000111000110100110001011000101001100001000010010110100101101010011010110100
11101011010101100001110110100111000001000111001011100101010101011011000110001010101110110001111111000010001001000000101100100101011101011101111100110010010011111000011111011110110101000010000110101011
11101110110010000011110011110011110110000101010000000010100001100111111000101110001100100011110001110000101110101000001100100100010111010110111110000001010001101111101001010110111000111110110100111100
01110110101010001001111011101100100000101000101101001101000111011011010011100101100001010100101101000101010001001101101101011000010100100011010000011010100000110000100110010100011100010110111010111001
10111100010101100000110110101100010100110010101000001011100001001101110111001101111110110001110001111110001101000001010000000110000101001101000100000110100000000011100100111000101101111011100001011101
10100100011000011110001100101011101011010100100010000011011010010000001111010111110110111111001000100010110000100100001000011010000100111010111000100100001000001010010001101001010100111101101010100001
00101110110001100010110101010111001000110001110110100001000000110100011001111100001111100011000111101001011011010101100110101111111100100100001001001111011011101100010010110110110111010001101100001111
11100111111011100110111010001110011011101010100011001010101101111010011001110000111101001010011000010000001101100011101111110100101011000110100000010011110100011001101011101000110001111000010001100011
11000110101011001100111011010111001010011111110111100010010010101001110110101111010011010011001000100111101111000001111000010101001001010100110100100011101110101101000100110000000011101001001010001000
11010010110000101010001000011010110011010000101110010010100101011011001100010001011010000111111100100100111110110110101011011101011001001010111011100110111110101011011100000001000010011011101101000001
00000101010101001010001000001100011010100001010010100000100100101110000111000100000110111011010010101101101100001010001110010000001101010010110011110011011101011011110011100010010111111010110001100100
00110000100110111011011101111110011011111010101101100001001010100101010100011010000010111000001000110010111110000001100101111111101001111010000011001101101101011100110101001101111000111101001000110101
10011101011010001110110010011001111000111110001111000101001011100010101000001101111110100000111011011000000000111101001010001101010011110010100101100001010111000111000101010110111100111011010000110110
11011010100111011001110011000000111100001111111001010110001111001011000100001001110011101010000100111011011011011100010000001101101000001101001110010110110110001000100001001000011001111100100100100100
01100000110010010000011111010101101001101011110010010111010011000001000101101001001100011110101000101001010011111010111111111101001110010110110011110010010011101111101111111010101100001001000010101000
10110100011100001010011001010100010000111110001011111100101110110010110101111011100110101010100001101001100110000111110011110101110000110001000010110010111111011001001010011110001100110001000110111100
10000101111100100010001010110111110100110110110010000111110100010101010001111100100000011010011101000101100010100000100110000100111111001011001110011100011011010110111000011111111000110111000110000101
00111111110110111011011000101010101000010000010110101011010100100000000101011000010001011110000000110011110101011010010000110110111001011010000000100000101001001100011001000100000110110010000101100100
01000110101100100111000111111001110100110110101110101100010101100101111010010001010110100111010000101011100110101101010101101001011111111010000110010101110101111011100000000110011101110001101110100101
00101001011001001010011101010011110001000100100000111110100110010110100100011011010110110100010000110111010111100101010010010111001000001010100100011000110000111111110011110101100000111100101111011100
11011111011000011000010011010110001010101001111010110101100010010111111100010011010011001000100010001110011110000011001100001111011110111101101001001011011000011101101001111010101010000010111000101110
00011001011011001011100101011110101001011110111010101101000100001111000101100001010110011000011001110011001100110110000101110110110101000001111111110011011010011101010100001100110011000101100101001101
00011011110000000000001011010011001100000100011100010110010101011101011001100000001010000011010001101000100001111100100000100001010101101111100010010010000111001100110011010101101101101010001111010000
00110100011011110100100100100010011001011011011001101001111000011001101001101101011010101110100110101101011100100000011000111100000000001000001001101001000110010100011000010100011000101000000111100011
01111011111111000110001111101110101111110100111001001001110110000101011100010101111000111000010001110001111011000011010100010011111101011110110011011010111100011111001110000110011111101111011010010101
11110111011000100111110110010110011010111101100010010101101010001110100011101010000100010010111101001110100001010111001001110101011001001001001011110101111100110011000101110010010110110010111011000110
01011110101011011100111001011011100010101100001100011001010001101000000001011101111011010101110101001011110001010100001110010111010101111011111110110001110111001010001101101100000101001011101111111000
11001001011110000101001011001100101111000101110011000000100110000010010110100101100010111110011111101010011001001010100110001001100100010111010001101111001010101100011111011100110001111100100011111001
01000000010101100101100100001110010000000011010110101000100000011001000101000001110100111111011011001101111100010101100110101010000001000101101111010010001110100000101010110111101010001100011011010010
10111001010100101110100010001101001011100100000110001010001011000010101010100000000110010011110111011110111011101111001101101010100000000001000000000110110110001100101111000100010010010100011101100111
00001001100000010010100001111101011111100000000111011101100100011011111100110010000111010100001111101101110001000111100100010100111011110010001111101010101111011011110001011010110001110100111010011100
11000010101101011101011100011000110001111101011111000010010000100010010101011001100100001100110100110101101011110011100100111010001111100111101111111101000010000001111001011100100101101011011100010001
01011111001010011011110110011001010010011001010101010111010000100000111100110111100101010101001011010101001011000111001000001100010110010101000010111110010111001110011011110011100001010101010000000001
00011001101101001111100011011100001010110100100111101111101010101100011011101111011010110010110000000111101101010000000101001111101000000001000001110000000110010000110011001100010101110001110000101001
10100011011010010000111010111101011011100010100100111000010000111011011011110100111000001011100101110010100010001101011000100010000000000001101100111111001101111110011010011101010010101011111100100110
00001111100100101000111110110001100111010100011000001010011011011101110000011101000001110100000010010110110100001010000110101011100000001001110011010100100110001100001110000111000100011111011001100101
10010000110011100100101100001110001101111101001000110000011100111100101010100101110100011001001010011101000000110101101101100011010011111110100100000010010011111010100000100111101011000111010100101001
00000101001011001110110001110101100110000011001001101111010011010111101000010001111011110010011100101000010110101011101010100101100110001010000101000000000101100110010110101100000001110100100100100110
11011011000111011010110000000111001011100100111100100100010111111011001101101100101111100100000100100011110011010000100111100100110101110110100011010000010100101001011100000010101100001101101000111010
10110111100110100011101000000011110010010101100101111100110110111011000101100000000111111000111110100000101011110001000100111000110011101111011000111011101110010110100001000001010001100001011011011011
00011111111001000110111101001110110011111010000011001110001011110110000000001100000010111111000101000101110001011101101101101101110101100001101100110001000010110011011000001101111101100100000111101100
10111010011111001111010111111001101000011011000100010010010101000111101010110111111011111110101100111010011110110000001010001001011011101000001001111010110001110110111111110010100100111010010110111011
00101111110000011110100010110010101000001010110111111110011101000110100011101101111100000101010011001110011111001111101010001010010000111111100010100010101011000111101111111100100101001110000011100000
11111011110011001000111111111010110010001100011011110011110100100101101011110100100110111000000001011100100101111101110111100010011101101100110001101110011010111101100111111111110001000101111010001001
10000101000010010000001000001101111111011111000101101001001110110001010101100110110000001101001111110011010001011100011011001011011100101010100000001111000011111001111101101000000100100100011001011001
00100101101111101001100011011011101111101110001010100111010001110100011001001111000111110011010101111011000011110100010101111010100000011101101010000011110010010011111111001000001101100110111111000101
10011110011011101001010110011100