0101110011000000100110000001000001011000011001110111100111010111100110000101010001101100011010100011101010011101001111011100001111101100110010010110111001011110101000101010100100100100
10001111001010001001001011110110011010101110100010001010010010110111101101100100110110101000111011010111101010101010110101001011101101111000110101111011010101101110000101001001010111000000001101110100
11101100100101011010101001001111101111001001011101011010101011100011011001101111010111110111000110011101110010101000000010101001110011100110010101001000001001100010100110010001000011101110100010111110
10111100001111011010100001100110111010101111011110110011001011100100001111101101110001000111100100010100111011110010001111101010101111011011110001011010110001110100111010010100111000011111000001101001
10101100010010011100000101100001001000110011101010001100111000000100110010111010110111011011110000011111001111010001111111011110001001001000110100000110111000010101000100100010001011010011111001111110
11001100101011100110101000100001000000011000111100111011010000100000000101000010101101000001100110001110000001100010101001011101000001001111000111011001011000000000000010000000000001000101001001110110
11101110100111011000111001111101010101010100001101010101100111110001110000101001110110000010100010101101111100000010000000110000000011101010111011000100001010111010011000110110111100110001011010101110
10111101011011100010100100111000010000111011011011110100111000001011100101110010100010001101011000100010100010000000011110111111101100110101100111101110101011010101110100010001101011110110001101001101
11110010111001001010001100100111000101101100111000101110101000010000001011001011110000101101001011110111011010101110010001100010111001100110100101100011101010101111100100010000111000101110011110101111
00001111101100011100101100010000100110110110111101010010110010101100100111001110001000011010111110010001001001110111011010001011000011111101010000111001011111001011000000011100100010001011110001110100
10010000111001101011000100111101101001000001011100001010010101110011000110011100100011111111011111010000011001000111100000100000111111101011001110100111101100000010100010010110111010000010011110101100
01110110111111110010100100111010010111110111001111011100001011011100011100010111100011110100011111011001101010111100010111100101101000000010111001010001011001011111010001110000001111110110010100110101
01000011110101111110011010101101101001110010011111010100011011100101111101010100010011100011011100110100100110001111110100100110011101101000000011000110100111000110110110110011001111101100100111011011
11011100110011110101010010001000010111101100010000001000010000101011001011001111110011111010001111001011111110000010001100110110000001100011110100011010101011001001011011011001001101011110100011111010
11110110010100110110001000110000101110001110000100101111110110011000110110111011111011100010101001110100011101000110010011110001111100110101011110110000111101000101011101110110000011101101011010010100
01100001010101000100101110111001111111001000010011011011111101001010110011001000101111011011000100010000110000111011010001000101010010001111001010101100001111001000010111010100111000101001100100011110
11100001110100011101110110100010101101001110010010101001001001110001010011101100001011101010101010000100111111001100110110011000100100111110011010111110110111011110100100000110010011100101011001010000
00011111101011101110011110000011001001100111101110001001110001001110011110100110110111101100110011000010111001000000000000011011000010110111111110010000001001001000110010110011000011110011110101000000
11101001100110111101101001101111101010001001001100110100110110100110101101000010000000010001111110010000000001111110010100000111100100110011111011000100011111011000101110011011011110011000100001111111
01101001100010101000101110001010011010101011110100000110001011000100010000000110100010010001011110100001001100010100010101101100010011000111010100100111000111010000010100110110000111110110111110011001
01010101101101000010010001011010011001110111011011110010101011101011100110110000100111000010101101101110000111110110000100110000011111101110100010101111001101001100010011110011100110101110100011100000
01001111100110100110100001001111000100000010110000110110001111111011111110101111011100000001000001000111000100101000001100111110010101010101101100011000101010111011000111111100001000100100000010110010
01010111010111010111101110111010011111100011011011111100100000011010111101110111011101001100100111100101001101000100001000100010000111100001101101110001110110111011000111000011001001110111111000011001
10001010011000010111111010000000000111011101100010110111001101111100101101001011001101110110011001011101111011101001111001110000010000000110010110001111101001001000000001011000100000101000110001010000
01000000101100011010000011010100101110000100110000001011100000110101110111101111011010100001000001000101111010100011000111011000111101001000011011001100111001010101100001100001011110010010100000001000
00111000100001101010100000111110000010110100100111100101011110111000010111011010010001100001111000110010101110101101010010001000001101101001000000111110001101001101111100011011101111001011100000010010
01010010100111011101000100101001101001111010000111101000000101000101110110101001010111000011000101101000101100010011000001000111000010001011101010011011010000111101100110100101111010011100001011001111
01111101101110000001000001111001110111000000010100010110110010100111101001111101100111110101101111010110110110111101110111100110111101011011010100111001001001010000011100010010001010011011001111011101
00100111011010011110100000011110000011001111011101000100000101100000100110111110100111111110011001111100101110010110110101101101000110000111110011100111010110000100000100110011001101010110001111000101
00101110001010100000110111111010000011101101100000000011110100101000110101001111000111000001000000000110000110001010000101110011010100101011001101100111011011000100111011100000110110100111110100001011
10111100110100001000110011001111010100101011010100110100011000100010110001110000111010111100000101000100110011000000011010010001010001100001100000111000110001100010001111000000111100110101010001100011
00000110101000001001111000111010111101111001110000001111111101011101110010010110000101100111001110101111110111011111010101111000011000000101111011110010000100000111000100000010000010110101001101111110
11110101101101000001110111100111111111001011110011101100001111100101001011100011101010000101100111010110011010010110110100110011000100011011110010000101111100100010001010110111110100110110110010000111
11010001010100000011110001101010110110110010101011001111001001101100001011011110010100111110011010011100000111110000111111011011100100101100001000110101011011011101000100110111011110001010100011010101
10100001000010100010011010001010010100000001100101001000111110000011000111011000010110000011000011111010111000011000001010000111101110001001001000101001011100110011100001010100011010011011010111111110
10100011001011011100101000001101100110100011111101000111010000100001010000010111110110100100000011001011110111000010100100011011100001110111000010111110001100100101000100001001011000100000111010011111
11101100001101100000011100001111101000100001001110001110010101001001011100100000101010010001100011000011111111001111010110000011110010111101110011001111100100000110000011101001101101010100010101110000
11001110100101110010001110001100111011001100011110111100001110110010010110110111111011110010011110010000010001010011010111110100001111110001010100101110000111001111110000000111011110101111010111010110
10001000111100000001000000000100110010011001100110010011001100000011100111001000100001110101101100111110011010100010110001100100100011101000111010000111011010100000101111000001001100100000101110101001
00101010111000010011001010111110101100100001010011001011111001100011000010100001011111001100000110101110011011001100100001010011110100110110100000110010001111110010110010010011101110101011011001101001
11100001100110100110110101101010111010011010110101110010000001100011110000001010111010010011010010001110100000010000001010010011111000000111101110110111011111001001000101010101110111110000011100100100
11101110001010110000100001111001011010100001101001010100000100001000000111010010011111001100011101111010110100011110100110010101111100110100101001111001001110110011010011001011001101110110110001101010
11011110110101101111111100101000001111111010010111001000100110110011100010110010011010010101000001011011001100100001100110100111100111111110101110001101010101000100011110001101010001011110100100000100
00101011110010100000011001010110100011001000111111100010100000010110101100000011110111011111100001100100010110011011110000010100101110111111100011001001011110000101001011001100101111000101110011000000
10011000000100000101100001100111011110011101011110011000010101000110110001101010001110101001110100111101110000111110110011001001011011100101111010100010101010010010010010001111001010001001001011110110
01101010111010001000101001001011011110110110010011011010100011101101011110101010101011010100101110110111100011010111101101010110111000010100100101011100000000110111010011101100100101011010101001001111
10111100100101110101101010101110001101100110111101011111011100011001110111001010100000001010100111001110011001010100100000100110001010011001000100001110111010001011111010111100001111011010100001100110
11101010111101111011001100101110100000010111110011000100011110010001010011101111001000111110101010111101101111000101101011000111010011101001010011100001111100000110100110101100010010011100000101100001
00100011001110101000110011100000010011001011101011011101101111000001111100111101000111111101111000100100100011010000011011100001010100010010001000101101001111100111111011001100101011100110101000100001
00000001100011110011101101000010000000010100001010110100000110011000111000000110001010100101110100000100111100011101100101100000000000001000000000000100010100100111011011101110100111011000111001111101
01010101010000110101010110011111000111000010100111011000001010001010110111110000001000000011000000001110101011101100010000101011101001100011011011110011000101101010110101111100101111100010100100111000
01000011101101101111010011100000101110010111001010001000110101100010001010001000000001111011111110110011010110011110111010101101010111010001000110101111011000110100110111110010111001001010001100100111
00010110110011100010111010100001000000101100101111000010110100101111011101101010111001000110001011100110011010010110001110101010111110010001000011100010111001111010111100001111101100011100101100010000
10011011011011110101001011001010110010011100111000100001101011111001000100100111011101101000101100001111110101000011100101111100101100000001110010001000101111000111010010010000111001101011000100111101
10100100000101110000101001010111001100011001110010001111111101111101000001100100011110000010000010000011101110001010011110110000001010001001011011101000001001111010110001110110111111110010100100111010
01011111011100111101110000101101110001110001011110001111010001111101100110101011110001011110010110100000001011100101000101100101111101000111000000111111011001010011010101000011110101111110011010101101
10100111001001111101010001101110010111110101010001001110001101110011010010011000111111010010011001110110100000001100011010011100011011011011001100111110110010011101101111011100110011110101010010001000
01011110110001000000100001000010101100101100111111001111101000111100101111111000001000110011011000000110001111010001101010101100100101101101100100110101111010001111101011110110010100110110001000110000
10111000111000010010111111011110110001100111101111101110001010100111010001110100