101100000010100010010110111010000010011110101100011101101111111100101001001110100101111101110011110111000010110111000111
00010111100011110100011111011001101010111100010111100101101000000010111001010001011001011111010001110000001111111000101000101010110001111011111111001001010011100000111000001111101111001100100011111111
10101100100011000110111100111101001001011010111101001001101110000000010111001001011111011101111000100111011011001100011011100110101111011001111111111100010001011110100010011000010100001001000000100000
11011111110111110001011010010011101100010101011001101100000011010011111100110100010111000110110010110111001010101000000011110000111110011111011010000001001001000110010110010010010110111110100110001101
10111011111011100010101001110100011101000110010011110001111100110101011110110000111101000101011101110110000011101101011010010100011000010101010001001011101110011111110010000100110110111111010010101100
11001000101111011011000100010000110000110110100010011011110000001010000000011100011010000001111110101001100000000010001101101000110000111010001110111010010000000010100110011000010100110101111001101000
10001101000010010000000001011001101110011001111100110101011101111100110100101100111010111101001101011000110110011010100110100001011111110100110111011011000001100000110110110110010101111100110110001010
01011100111110011100100011010000100010010100000100110011010101111111111101110001000010000000100000110010000111100011101101000000111010011001101111011010011011111010100010010011001101001101101001101011
01000010000000010001111110010000000001111110010100000111100100110011111011000100011111011000101110011011011110011000100001111111011010011000101010001011100010100110101010111011000110010101100011001100
01011001000000110111111000000010011001101100111110011001100111001111101001011011001110110001101001101101011111101101101100100010101010110010110001011101101001001000101011101100101101000100100000100010
00100101001011010000011010001101011010101100001001110100101110001100010101011011011110001000100010100111011100011000010011000101100011100011010011000101100010100110000100001001011010010110101001101011
01001110101101010110000111011010011100000100011100101110010101010101101100011000101010111011000111111100001000100100000010110010010101110101110101111011101110100111111000110110111111001000000110101111
01110111011101001100100111100101001101000100001000100010000111100001101101110001110110111011000111000011000010111010100000110010010001011101011011111000000101000110111110100101011011100011111011010011
11000111011010101000100111101110110010000010100010110100110100011101101101001110010110000101010010110100010101000100110110110101100001010010001101000001101010000011000010011001010001110001011011101011
10011011110001010110000011011010110001010011001010100000101110000100110111011100110111111011000111000111111000110100000101000000011000010100110100010000011010000000001110010011100010110111101110000101
11011010010001100001111000110010101110101101010010001000001101101001000000111110001101001101111100011011101111001011100000010010010100101001110111010001001010011010011110100001111010000001010001011101
10101001010111000011000101101000101100100011000111011010000100000011010001100111110000111110001100011110100101101101010110011010111111110010010000100100111101101110110001001011011011011101000110110000
11111110011111101110011011101000111001101110101010001100101010110111101001100111000011110100101001100001000000110110001110111111010010101100011010000001001111010001100110101110100011000111100001000110
00111100011010101100110011101101011100101001111111011110001001001010100111011010111101001101001100100010011110111100000111100001010100100101010011010010001110111010110100010011000000001110100100101000
10001101101111101011011110110000010101001100000011010100001101000010011100011000000010010100000101011001100001111111001111110100010000110000110111011101000111111111111100111011011011011100010000001101
10100000110100111001011011011000100010000100100001100111110010010010010001100000110010010000011111010101101001101011110010010111010011000001000101101001001100011110101000101001010011111010111111111101
00111001011011001111001001001110111110111111101010110000100100001010100010110100011100001010011001010100010000111110001011111100101110110010110101111011100110101010100001101001100110000111110011110101
11000011000100001011001011111101100100101001111000110011000100011011110010000101111100100010001010110111110100110110110010000111110100010101000000111100011010101101101100101010110011110010011011000010
11011110010100111110011010011100000111110000111111011011100100101100001000110101011011011101000100111010101000010000010110101011010100100000000101011000010001011110000000110011110101011010010000110110
11100101101000000010000010100100110001100100010000011011001000010110010001000110101100100111000111111001110100110110101110101100010101100101111010010001010110100111010000101011100110101101010101101001
01111111101000011001010111010111101110000000011001110111000110111010010100101001011001001010011101010011110001000100100000111110100110010110100100011011010110110100010000110111010111100101010010010111
00100000101010010001100011000011111111001111010110000011110010111101110011001111100100000110000011101001101101010100010101110000110011101001011100100011100011001110110011000111101111000011101100100101
10110111111011110010011110010000110110100111101010101000001011100010111000011001011011001011100101011110101001011110111010101101000100001111000101100001010110011000011001110011001100110110000101110110
11010100000111111111001101101001110101010000110011001100010110010100110100011011110000000000001011010011001100000100011100010110010101011101011001100000001010000011010001101000100001111100100000100001
01010110111110001001001000011100110011001101010110110110101000111101000000110100011011110100100100100010011001011011011001101001111000011001101001101101011010101110100110101101011100100000011000111100
00001010111010010011010010001110100000010000001010010011111000000111101110110111011111001001000101010101110111110000011100100100111011100010101100001000011110010110010001110001111011000011010100010011
11110101111011001101101011110001111100111000011001111110111101101001010111110111011000100111110110010110011010111101100010010101101010001110100011101010000100010010111101001110100001010111001001110101
01100100100100101111010111110011001100010111001001011011001011101100011001011110101011011100111001011011100010101100001100011001010001101000000001011101111011010101110101001011110001010100001110010111
01010111101111111011000111011100101000110110110000010100101110111111100011001001011110000101001011001100101111000101110011000000100110000001000001011000011001110111100111010111100110000101010001101100
01101010001110101001110100111101110000111110110011001001011011100101111010100010101010010010010000001110010000000011010110101000100000011001000101000001110100111111011011001101111100010101100110101010
00000100010110111101001000111010000010101011011110101000110001101101001010111001010100101110100010001101001011100100000110001010001011000010101010100000000110010011110111011110111011101111001101101010
10000000000100000000011011011000110010111100010001001001010001110110011100001001100000010010100001111101011111100000000111011101100100011011111100110010000111010100001111101101110001000111100100010100
11101111001000111110101010111101101111000101101011000111010011101001010011100001111100000110100110101100010010011100000101100001001000110011101010001100111000000100110010111010110111011011110000011111
00111101000111111101111000101000000111100101110010010110101101110001000101011111001010011011110110011001010010011001010101010111010000100000111100110111100101010101001011010101001011000111001000001100
01011001010100001011111001011100111001101111001110000101010101000000000100011001101101001111100011011100001010110100100111101111101010101100011011101111011010110010110000000111101101010000000101001111
10100000000100000111000000011001000011001100110001010111000111000010100110100011011010010000111010111101011011100010100100111000010000111011011011110100111000001011100101110010100010001101011000100010
10001000000001111011111110110011010110011110111010101101010111010001000110101111011000110100110111110010111001001010001100100111000101101100111000101110101000010100000010010110110100001010000110101011
10000000100111001101010010011000110000111000011100010001111101100110010110010000110011100100101100001110001101111101001000110000011100111100101010100101110100011001001010011101000000110101101101100011
01001111111010010000001001001111101010000010011110101100011101010010100100000101001011001110110001110101100110000011001001101111010011010111101000010001111011110010011100101000010110101011101010100101
10011000101000010100000000010110011001011010110000000111010010010010011011011011000111011010110000000111001011100100111100100100010101010101001100110110111101111010100010010011111011000000011011110000
11000001101101100100000010100011011000111010100111010000010011011011111111010011111001011011101000000011110010010101100101111100110110111011000101100000000111111000111110100000101011110001000100111000
11001110111101100011101110111001011010000100000101000110000101101101101100011111111001000110111101001110110011111010000011001110001011110110000000001100000010111111000101000101110001011101101101101101
11010110000110110011000100001011001101100000110111110110010000011110110010111010011111001111010111111001101000011011000100010010010101000111101010110111111011111110101100111010011110110000001010001001
01101110100000100111101011000111011011111111001010010011101001011111011100111101110000101101110001110001011110001111010001111101100110101011110001011110010110100000001011100101000101100101111101000111
00000011111101100101001110101100011110111111110010010100111000001110000011111011110011001000111111111010110010001100011011110011110100100101101011110100100110111000000001011100100101111101110111100010
01110110110011000110111001101011110110011111111111000100010111101000100110000101000010010000001000001101111111011111000101101001001110110001010101100110110000001101001111110011010001011100011011001011
01110010101010000000111100001111100111110110100000010010010001100101100100100101101111101001100011011011101111101110001010100111010001110100011001001111000111110011010101111011000011110100010101110111
01100000111011010110100101000110000101010100010010111011100111111100100001001101101111110100101011001100100010111101101100010001000011000011101101000100010111000000101000000001110001101000000111111010
10011000000000100011011010001100001110100011101110100100000000101001100110000101001101011110011010001000110100001001000000000101100110111001100111110011010101110111110011010010110011101011110100110101
10001101100110101001101000010111111101001101110110110000011000001101101101100101011111001101100010100101110011111001110010001101000010001001010000010011001101010111111111110111000100001000000010000011
00100001111000111011010000001110100110011011110110100110111110101000100100110011010011011010011010110100001000000001000111111001000000000111111001010000011110010011001111101100010001111101100010111001
10110111100110001000011111110110100110001010100010111000101001101010101111010000011000101000110011000101100100000011011111100000001001100110110011111001100110011100111110100101101100111011000110100110
11010111111011011011001000101010101100101100010111011010010010001010111011001011010001001000001000100010010100101101000001101000110101101010110000100111010010111000110001010101101101111000100010001010
011101110001100001001100010110001110001101001100010110001010011000010000100101101001011010100110101101001110101101010110000111011010011100000100