101010110101001000000001010110000100010111100000001100111101010110100100001101101110010110100000001110110011010011001011001101110110110001101010110111101101011011111111
00101000001111111010010111001000100110110011100010110010011010010101000001011011001100100001100110100111100111111110101110001101010101000100011110001101010001011110100100000100001010111100101000000110
01010110100011001000111111100010100000010110101100000011110111011111100001100100010110011011011010001000011111010111011001001100101111000000100101100100111111100000010011000010110001000000100000100110
10010001100101000110000101000110001010000001111000110111101111111100011000111110111010111111010011100100100111011000010101110001010111100011100001000111000111101100001101010001001111110101111011001101
10101111000111110011100001100111111011110110100101011111011111010100101110110111100011010111101101010110111000010100100101011100000000110111010011101100100101011010101001001111101111001001011101011010
10101110001101100110111101011111011100011001110111001010100000001010100111001110011001010100100000100110001010011001000100001110111010001011111010111100001111011010100001100110111010101111011110110011
00101110100000010111110011000010100101100010101001011101001110110101111101011100110101101000111111001001000001110100001001011010010110001011111001111110101001100100101010011000100110010001011101000110
11110010101011000111110111001100011111001000111110010100000001010110010110010000111001000000001101011010100010000001100100010100000111010011111101101100110111110001010110011010101000000100010100111011
01000010000000010100001010110100000110011000111000000110001010100101110100000100111100011101100101100000000000001000000000000100010100100111011011101110100111011000111001111101010101010100001101010101
10011111000111000010100111011000001010001010110111110000001000000011000000001110101011101100010000101011101001100011011011110011000101101010110101111100101111011001111000110110100010011111000101111000
01010010111101101001101101001100111010011001001111001100001010110101110101110001100011000111110101111100001001000010001001010101100110010000110011010011010110101111001110010011101000111110011110111111
11010000100000011110010111001001011010110111000100010101111100101001101111011001100101001001100101010101011101000010000011110010111001111010111100001111101100011100101100010000100110110110111101010010
11001010110010011100111000100001101011111001000100100111011101101000101100001111110101000011100101111100101100000001110010001000101111000111010010010000111001101011000100111101101001000001011100001010
01010111001100011001110010001111111101111101000001100100011110000010000010000011101110001101010000100011000011000011001111001111100011000101011000101011000101010000111110010000000000000000000110110011
11110011011111100110100111010100101010111111001001100000111110010010100011111011000110011101010001100000101001101101110111000001110100000111010000001001011011010000101000011010101110000000100111001101
01001001100011000011100001110001000111110110011001011001010110011001110101110100100101101010101000000011000010110110110100000101111110100011011100000111111001010111101001101101001111011011100000100100
00001101111100000000000011100000110011111011010001100001101001011001100010001111101100110000011001011001101010001111111001010111001111001111000011110100010110100101001000000001101000100001010101111001
01010111110111011011010110010101101010010110010010011111011000111011010111000001101101011101100111100001110110101111101100110110110010111110010000010010001111001101000010011110010011010111011010001101
00000101001010010111000000101011000011011010001110101011011110011010001110100000001111001001010110010111110011011011101100010110000000011111100011111010000010101111000100010011100011001110111111010010
01100111011010000000110001101001110001101101101100110011111011001001110110111101110011001111010101001000100001011110110001000000100001000010101100101100111111001111101000111100101111111000001000110011
01100000011000111101000110101010110010010110110110010011010111101000111110101111011001010011011000100011000010111000111000010010111111011110110001100111010111110111000101010001001010011000000100001111
00001101101110001011111100000111001000001011101110110010111111000001111010001011001010100000101011011111111001110100011010001110110111110000010101001100111001111100111110101000101001000011111110001010
00101010110001111011111111001001010011100000111000001111101111001100100011111111101011001000110001101111001111010010010101001010100100100111000101001110110000101110101010101000010011111100110011011001
10001001001111100110101111101101110111101001000001100100111001010110010100000001111110101110111001111000001100100110011110111000100111000100111001111010011011011110110011001100001011100100000000000001
10110000101101111111100100000010010010001100101100110000111100111101001000001111011001101101110001010001111111011110110010011001101001101111001111111010001100001010100011111110101010000001110110101000
00111100100100111111110010000011011001101111110001011001111001101110100101011001110001000111111001110110011100011101011101101000100110111100000010100000000111000110100000011111101010011000000000100011
01101000110000111010001110111010010000000010100110010001111101101111100110010101010110110100001001000101101001100111011101101111001010101110101110011011000010011100001010110110111000011111011000010011
00000111111011101000101011110011010011000100111100111001101011101000111000000100111110011010011010000100111100010000001011000011011000111111101111111010111101110000000100000100011100010010100000110011
11010000100000100111001011100101110111110000010101100011001110001010010110010010100100000100001101111111011100010101101110011111010011100010011101111001100110011010111001000111001000111010001000010001
10111010110100100101000100000110010101011000010000111011000110010101100011001100010110010000001101111110000000100110011011001111100110011001110011111010010110110011101100011010011011011110100111100111
00000100000001100101100011111010010010000000010110001000001010001100010100000100000010110001101000001101010010111000010011000000101110000011010111011110111101101010000100000100010111101010001100011101
10001111010010000110110011001110010101011000011000010111100100101000000010000011100010000110101010000011111000001011010010011110010110011111111010100110011100000001001001110011101111010101010010000100
01100001101111101010101111110011001001001111100001111101111011010100001000011010101111101110110010000011110011110011110110000101010000000010100001100111111000101110001100100011110001110000101110101000
00110010010001011101011011111000000101000110111110100101011011100011111011010011110001110110101010001001111011101100000001010001011011001010011110100111110110011111010110111101011011011011110111011110
01101111010110110101001110010010010100000111000100100010100110110011110111010010011101101001111010000001111000001100111101110100010000010110000010011011111010011111111001100111110010111001011011010110
11010001100001111100111001110101100001000001001100110011010101101010011100001010101100001000110000111001011101010110000010111000000001010110100101100100011011010111110110111111001000100010110000100100
00100001101000010011101011100010010000100000101001000110100101010011110110101010000100101110110001100010110101010111001000110001110110100001000000110100011001111100001111100011000111101001011011010101
10011010111111110010010000100100111101101110110011010110110110101111001101100000101110001011110011011001100100001101110011010001000011010101011010110000100110100100111111010001100101110001011111010111
00111010100101011000100000000111001011110110001100011001010111001010010010011101011110011101000011001100110110101110010000101110111110010100100100010010111001001011110011110110010001001111001111010011
11000010101101011011110110100100011101110000111101100110000000011100001101000100000011110010110000101010001000011010110011010000101110010010100101011011001100010001011010000111111100100100111110110110
10101101110101100100101011101110011011111010101101110000000100001001101110110100000100000101010101001010001000001100011010100001010010100000100100101110000111000100000110111011010000001111001101010100
01100011000001101010000010011110001110101111011110011100000011111111010111011100100101100001011001110011101011111101110111110101011110000110000001011110111100100001000001110001000000100000101101010011
01111110111101011011010000011101111001111111110010111100111011000011111001010010111000111010100001011001110101100110100101101101001110011010000011010100010000001111101100010001110110110100000100111110
01000001111010001010001010010110000101011100011100010101011011110011101101000011011011011010100111011001110011000000111100001111111001010110001111001011000100001001110011101010000100111011011011011100
01000000110110100000110100111001011011011000100010000100100001100111110010010010010001100000110010010000011111011110000110000010100001111011100010010010001010010111001100111000010101000110100110110101
11111110101000110010110111001010000011011001101000111111010001110100001000010100000101111101101001000000110010111101110000101001000110111000011101110000101111100011001001010001000010010110001000001110
10011111111011000011011000000111000011111010001000010011100001110010001001100011100100001111111000000100010000111111111001111000110000011110111101101110010001111100100000011010011101000101100010100000
10011000010011111100101100111001110001101101011011100001111111100011011100011000010100111111110110111011011000101010101000010000010110101011010100100000000101011000010001011110000000110011110101011010
01000011011011100101101000000010000010100100100110011001100100110011000000111001110010001000011101011011001111100110101000101100011001001000111010001110100001110110101000001011110000010011001000001011
10101001001010101110000100110010101111101011001000010100110010111110011000110000101000010111110011000001101011100110110011001000010100111101001101101000001100100011111100101100100100111011101011011011
10010110111100000100010100110110000111010111111011011110101100010010100100111110100011011111011000011000010011010110001010101001111010110101100010010111111100010011010011001000100010001110011110000011
00110000111101111011110110100100101101100001110110100111101010101000001011100010111000011001011011001011100101011110101001011110111010101101000100001111000101100001010110011000110010110011011101101100
01101010110111101101011011111111001010000011111110100101110010001001101100111000101100100110100101010000010110110011001000011001101001111001111111101011100011010101010001000111100011010100010111101001
00000100001010111100101000000110010101101000110010001111111000101000000101101011000000111101110111111000011001000101100110110110100010000111110101110110010011001011110000001001011001001111111000000100
11000010110001000000100000100110100100011001010001100001010001100010100000011110001101111011111111000110001111101110101111110100111001001001110110000101011100010101111000111000010001110001111011000011
01010001001111110101111011001101101011110001111100111000011001111110111101101001010111110111011000100111110101111000110101111011010101101110000101001001010111000000001101110100111011001001010110101010
01001111101111001001011101011010101011100011011001101111010111110111000110011101110010101000000010101001110011100110010101001000001001100010100110010001000011101110100010111110101111000011110110101000
01100110111010101111011110110011001011101000000101111100110000101001011000101010010111010011101101011111010111001101011010001111110010010000011101000010010110100101100010111110011111101010011001001010
100110001001100100010111010001101111001010101100011111011100110001111100100011111001010000000101