0110111100111101001001011010111101001001101110000000010111001001011111011101111000100111
01101100110001101110011010111101100111111111110001000101111010001001100001010000100100000010000011011111110111110001011010010011101100010101011001101100000011010011111100110100010111000110110010110111
00101010100000001111000011111001111101101000000100100100011001011001001001011011111010011000110101100110110111000101000111111101111011001001100110100110111100111111101000110000101010001111111010101000
00011101101010000011110010010011111111001000001101100110111111000101100111100110111010010101100111000100011111100111011001110001110101110110100010011011110000001010000000011100011010000001111110101001
10000000001000110110100011000011101000111011101001000000001010011001100001010011010111100110100010001101000010010000000001011001101110011001111100110101011101111100110100101100111010111101001101011000
11011001101010011010000101111111010011011101101100000110000011011011011001010111110011011000101001011100111110011100100011010000100010010100000100110011010101111111111101110001000010000000100000110010
00011110001110110100000011100010011100101110010111011111000001010110001100111000101001011001001010010000010000110111111101110001010110111001111101001110001001110111100110011001101011100100011100100011
10100010000100011011101011010010010100010000011001010101100001000011101100011001010110001100110001011001000000110111111000000010011001101100111110011001100111001111101001011011001110110001101001101101
01111110110110110010001010101011001011000101110110100100100010101110110010110100010010000010001000100101001011010000011010001101011010101100001001110100101110001100010101011011011110001000100010100111
01110001100001001100010110001110001101001100010110001010011000010000100101101001011010100110101101001110101101010110000111011010011100000100011100101110010101011010011001110000000100100111001110111101
01010100100001000110000110111110101010111111001100100100111110000111110111101101010000100001101010111110111011001000001111001111001111011000010101000000001010000110011111100010111000110010001111000111
00001011101010000011001001000101110101101111100000010100011011111010010101101110001111101101001111000111011010101000100111101110110010000010100010110100110100011101101101001110010110000101010010110100
01010100010011011011010110000101001000110100000110101000001100001001100101000111000101101110101110011011110001010110000011011010110001010011001010100000101110000100110111011100110111111011000111000111
11100011010000010100000001100001010011010001000001101000000000111001001110001011011110111000101010110000100011000011100101110101011000001011100000000101011010010110010001101101011111011011111100100010
00101100001001000010000110100001001110101110001001000010000010100100011010010101001111011010101000010010111011000110001011010101011100100011000111011010000100000011010001100111110000111110001100011110
10010110110101011001101011111111001001000010010011110110111011000100101101101101110100011011000011111110011111101110011011101000111001101110101010001100101010110111101001100111000011110100101001100001
00000011011000111011111101001010110001101000000100111101000110011010111010001100011110000100011000111100011010101100110011101101011100101001111111011110001001001010100111011010111101001101001100100010
01111011110000011110000100001101010001000000111110110001000111011011010000010011111001000001111010001010001010010110000101011100011100010101011011110011101101000011011011011010100111011001110011000000
11110000111111100101011000111100101100010000100111001110101000010011101101101101110001000000110110100000110100111001011011011000100010000100100001100111110010010010010001100000110010010000011111010101
10100110101111001001011101001100000100010110100100110001111010100010100101001111101011111111110100111001011011001111001001001110111110111111101010110000100100001010100010110100011100001010011001010100
01000011111000101111110010111011001011010111101110011010101010000110100110011000011111001111010111000011000100001011001011111101100100101001111000110011000101100011100100001111111000000100010000111111
11100111100011000001111011110110111001000111110010000001101001110100010110001010000010011000010011111100101100111001110001101101011011100001111111100011011100011000010100111111110110111011011000101010
10100001000001011010101101010010000000010101100001000101111000000011001111010101101001000011011011100101101000000010000010100100110001100100010000011011001000010110010001000110101100100111000111111001
11010011011010111010110001010110010111101001000101011010011101000010101110011010110101010110100101111111101000011001010111010111101110000000011001110111000110111010010100101001011001001010011101010011
11000100010010000011111010011001011010010001101101011011010001000011011101011110010101000110111100000100010100110110000111010111111011011110101100010010100100111110100011011111011000011000010011010110
00101010100111101011010110001001011111110001001101001100100010001000111001111000001100110000111101111011110110100100101101100001110110100111101010101000001011100010111000011001011011001011100101011110
10100101111011101010110100010000111100010110000101011001100001100111001100110011011000010111011011010100000111111111001101101001110101010000110011001100010110010100110100011011110000000000001011010011
00110000010001110001011001010101110101100110000000101000001101000110100010000111110010000010000101010110111110001001001000011100110011001101010110110110101000111101000000110100011011110100100100100010
01100101101101100110011111010111011001001100101111000000100101100100111111100000010011000010110001000000100000100110100100011001010001100001010001100010100000011110001101111011111111000110001111101110
10111111010011100100100111011000010101110001010111100011100001000111000111101100001101010001001111110101111011001101101011110001111100111000011001111110111101101001010111110111011000100111110110010110
01101011110110001001010110101000111010001110101000010001001011110100111010000101011100100111010101100100100100101111010111110011001100010111001001011011001011101100011001011110101011011100111001011011
10001010110000110001100101000110100000000101110111101101010111010100101111000101010000111001011101010111101111111011000111011100101000110110110000010100011000101010010111010011101101011111010111001101
01101000111111001001000001110100001001011010010110001011111001111110101001100100101010011000100110010001011101000110111100101010110001111101110011000111110010001111100101000000010101100101100100001110
01000000001101011010100010000001100100010100000111010011111101101100110111110001010110011010101000000100010110111101001000111010000010101011011110101000110001101101001010111001010100101110100010001101
00101110010000011000101000101100001010101010000000011001001111011101111011101110111100110110101010000000000100000000011011011000110010111100010001001001010001110110011100001001100000010010100001111101
01111110000000011101110110010001101111110011001000011101010000111110110111000100011100110110100010011111000101111000010100101111011010011011010011001110100110010011110011000010101101011101011100011000
11000111110101111100001001000010001001010101100110010000110011010011010110101111001110010011101000111110011110111111110100001000000111100101110010010110101101110001000101011111001010011011110110011001
01001001100101010101011101000010000011110011011110010101010100101101010100101100011100100000110001011001010100001011111001011100111001101111001110000101010101000000000100011001101101001111100011011100
00101011010010011110111110101010110001101110111101101011001011000000011110110101000000010100111110100000000100000111000000011001000011001100110001010111000111000010100110100011011010010000111010111101
01101110001010010011000011000011001111001111100011000101011000101011000101010000111110010000000000000000000110110011111100110111111001101001110101001010101111110010011000001111100100101000111110110001
10011101010001100000101001101101110111000001110100000111010000001001011011010000101000011010101110000000100111001101010010011000110000111000011100010001111101100110010110010000110011100100101100001110
00110111110100100011000001110011110010101010010111010001100100101001110100000011010110110110001101001111111010010000001001001111101010000010011110101100011101010010100100000101001011001110110001110101
10011000001100100110111101001101011110100001000111101111001001110010100001011010101110101010010110011000101000010100000000010110011001011010110000001010100101100100100111110110001110110101110000011011
01011101100111100001110110101111101100110110110010111110010000010010001111001101000010011110010011010111011010001101000001010010100101110000001010110000110110100011101010110111100110100011101000000011
11001001010110010111110011011011101100010110000000011111100011111010000010101111000100010011100011001110111101100011101110111001011010000100000101000110000101101101101100011111111001000110111101001110
11001111101000001100111000101111011000000000110000001011111100010100010111000101110110110110110111010110000110110011000100001011001101100000110111110110010000011110110010111010011111001111010111111001
10100001101100010001001001010100011110101011011111101111111010110011101001111011000101010001001010011000000100001111000011011011100010111111000001110010000010111011101100101111110000011110100010110010
10100000101011011111111001110100011010001110110111110000010101001100111001111100111110101000101001000011111110001010001010101100011110111111110010010100111000001110000011111011110011001000111111111010
11001000110001101111001111010010010110101111010010011011100000000101110010010111110111011110001001110110110011000110111001101011110110011111111111000100010111101000100110000101000010010000001000001101
11111101111100010110100100111011000101010110011011000000110100111111001101000101110001101100101101110010101010000000111100001111100111110110100000010010010001100101100100100101101111101001100011011011
10111110111001010001111111011110110010011001101001101111001111111010001100001010100011111110101010000001110110101000001111001001001111111100100000110110011011111100010110011110011011101001010110011100
01000111111001110110011100011101011101101000100110111100000010100000000111000110100000011111101010011000000000100011011010001100001110100011101110100100000000101001100110000101001101011110011010001000
11010000100100000000010110011011100110011111001101010111011111001101001011001110101111010011010110001101100110101001101000010111111101001101110110110000011000001101101101100101011111001101100010100101
11001111100111001000110100001000100101000001001100110101011111111111011100010000100000001000001100100001111000111011010000001110100110011011110101011101111100000101011000110011100010100101100100101001
00000100001101111111011100010101101110011111010011100010011101111001100110011010111001000111001000111010001000010001101110101101001001010001000001100101010110000100001110110001100101011000110011000101
10010000001101111110000000100110011011001111100110011001110011111010010110110011101100011010011011010111111011011011001000101010101100101100010111011010010010001010111011001011010001001000001000100010
01010010110100000110100011010110101011000010011101001011100011000101010110110111100010001000101001110111000110000100110001011000111000110100110001011000101001100001000010010110100101101010011010110100
11101011010101100001110110100111000001000111001011100101010101011011000110000001001001110011101111010101010010000100011000011011111010101011111100110010010011111000011111011110110101000010000110101011
11101110110010000011110011110011110110000101010000000010100001100111111000101110001100100011110001110000101110101000001100100100010111010110111110000001010001101111101001010110