1010011001110111
01101111010001001000001000100010010100101101000001101000110101101010110000100111010010111000110001010101101101111000100010001010011101110001100001001100010110001110001101001100010110001010011000010000
10010110100101101010011010110100111010110101011000011101101001110000010001110010111001010101010110110001100010101011101100011111110000100010010000001011001001010111010111010111101110111010011111100011
01101111110010000001101011110111011101110100110010011110010100110100010000100010001000011110000110110111000111011011101100011100001100100111011111100001100110001010011000010111111010000000000111011101
10001011011100110111110010110100101100110111011001100101110111101110100111100111000001000000011001011000111110100100100000000101100010000010010011011011010110000101001000110100000110101000001100001001
10010100011100010110111010111001101111000101011000001101101011000101001100101010000010111000010011011101110011011111101100011100011111100011010000010100000001100001010011010001000001101000000000111001
00111000101101111011100001011101101001000110000111100011001010111010110101001000100000110110100100000011111000110100110111110001101110111100101110000001001001010010100111011101000100101001101001111010
00011110100000010100010111011010100101011100001100010110100010110001001100000100011100001000101110101001101101000011110110011010010111101001110000101100111101111101101110000001000001111001110111000000
01010001011011001010011110100111110110011111010110111101011011011011110110101000110010101011011110100110011100001111010010100110000100000011011000111011111101001010110001101000000100111101000110011010
11101000110001111000010001100011110001101010110011001110110101110010100111111101111000100100101010011101101011110100110100110010001001111011110000011110000101010010010101001101001000111011101011010001
00110000000011101001001010001000110110111110101101111011000001010100110000001101010000110100001001110001100000001001010000010101100110000111111100111111010001000011000011011101110100011111111111110001
00100010101001000111010100101000100010101000001011010011001011000011110110101010011100001110101101011000010010001010110111011000110101101101101011110011011000001011100010111100110110011001000011011100
11010010010111111010110001100100001100001001101110110111011111100110111110101011011000010010101001010101000110100000101110000010001100101111100000011001011111111010011110100000110011011011010111001101
01001101111000111101001000110101100111010110100011101100100110011110001111100011110001010010111000101010000011011111101000001110110110000000001111010010100011010100111100011100000100000000011000011000
10100001011100110101001010110011011001110110110001001110111000001101101001111101000010111011110011010000100011001100111101010010101101010011010001100010001011000111000011101011110000010100010011001100
00000110100100010100011000011000001110001100011000100011110000001111001101010100011000110000011010100000100111100011101011110111100111000100111110101111111111010011100101101100111100100100111011111011
11111010101100001001000010101000101101000111000010100110010101000100001111100010111111001011101100101101011110111001101010101000011010011001100001111100111101011100001100010000101100101111110110010010
10011110001100110001000110111100100001011111001000100010101101111101001101101100100001111101000101010000001111000110101011011011001010101100111100100110110000101101111001010011111001101001110000011111
00001111110110111001001011000010001101010110110111010001001101110111100010101000110101011010000100001010001001101000101001010000000110010100100011111000001100011101100001011000001100001111101011100001
10000010100001111011100010010010001010010111001100111000010101000110001101101011101011000101011001011110100100010101101001110100001010111001101011010101011010010111111110100001100101011101011110111000
00000110011101110001101110100101001010010110010010100111010100111100010001001000001111101001100101101001000110110101101101000100001101110101111001010100100101110010000010101001000110001100001111111100
11110101100000111100101111011100110011111001000001100000111010011011010101000101011100001100111010010111001000111000110011101100110001111011110000111011001001011011011111101111001001111001000001000101
00110101111101000011111100010101001011100001110011111100000001110111101011110101110101101000100011110000000100000000010011001001100110011001001100110000001110011100100010000111010110110011111001101010
00001100110011000101100101001101000110111100000000000010110100110011000001000111000101100101010111010110011000000010100000110100011010001000011111001000001000010101011011111000100100100001110011001100
11010101101101101010001111010000001101000110111101001001001000100110010110110110011010011110000110011010011011010110101011101001101011010111001000000110001111000000101011101001001101001000111010000001
00000010100100111110000001111011101101110111110010010001010101011101111100000111001001001110111000101011000010000111100101101010000110100101010000010000100000011101001001111100110001110111101011010001
11101001100101011111001101001010011110010011101100110100110010110011011101101100011010101101111011010110111111110010100000111111101011101000010101110010011101010110010010010010111101011111001100110001
01110010010110110010111011000110010111101010110111001110010110111000101011000011000110010100011010000000010111011110110101011101010010111100010101000011100101110101011110111111101100011101110010100011
01101100000101001011101111111000110010010111100001010010110011001011110001011100110000001001100000010000010110000110011101111001110101111001100001010100011011000110101000111010100111010011110111000011
11101100110010010110111001011110101000101010100100100100100011110010100010010010111101100110101011101000100010100100101101111011011001001101101010001110110101111010101010101101010010111011011110001101
01111011010101101110000101001001010111000000001101110100111011000010111001000001100010100010110000101010101000000001100100111101110111101110111011110011011010101000000000010000000001101101100011001011
11000100010010010100011101100111000010011000000100101000011111010111111000000001110111011001000110111111001100100001110101000011111011011100010001111001000101001110111100100011111010101011110110111100
01011010110001110100111010010100111000011111000001101001101011000100100111000001011000010010001100111010100011001110000001001100101110101101110110111100000111110011110100011111110111100010010010001101
00000110111000010101000100100010001011010011111001111110110011001010111001101010001000010000000110001111001110110100001000000001010000101011010000011001100011100000011000101010010111010000010011110110
11110011100001010101010000000001000110011011010011111000110111000010101101001001111011111010101011000110111011110110101100101100000001111011010100000001010011111010000000010000011100000001100100001100
11001100010101110001110000101001101000110110100100001110101111010110111000101001001110000100001110110110111101001110000010111001011100101000100011010110001000101000100000000111101111111011001101011001
11101110101011010101110100010001101011110110001101001101111100101110010010100011001001110001011011001110001011101010000100000010110010111100001011010010111101110110101011100100011000101110011001101001
01100011101010101111100100010000111000101110011110101111000011111011000111001011000100001001101101101111010100101100101011001001100111010000001101011011011000110100111111101001000000100100111110101000
00100111101011000111010100101001000001010010110011101100011101011001100000110010011011110100110101111010000100011110111100100111001010000101101010111010101001011001100010100001010000000001011001100101
10101100000001110100100100100110110110110001110110101100000001110010111001001111001001000101010101010011001101101111011110101000100100111110110000000110111100001100000110110110010000001010001101100011
10101001110100000100110110111111110100111110010110111101000000111100111000000100001101000110010101010010100110101000011101001101011100001111011100101010100111001110011101011001100111010111010010010110
10101010000000110000101101101101000001011111101000110111000011101100111110100000110011100010111101100000000011000000101111110001010001011100010111011011011011011101011000011011001100010000101100110110
00001101111101100100000111101100101110100111110011110101111110011010000110110001000100100101010001111010101101111110111111101011001110100111101100000010100010010110111010000010011110101100011101101111
11110010100100111010010111110111001111011100001011011100011100010111100011110100011111011001101010111100010111100101101000000010111001010001011001011111010001110000001111110110010100110101010000111101
01111110011010101101101001110010011111010100011011100101111101010100010011100011011100110100100110001111110100100110011101101000000011000110100111000110110110110011001111101100100111011011110111011001
11111111110001000101111010001001100001010000100100000010000011011111110111110001011010010011101100010101011001101100000011010011111100110100010111000110110010110111001010101000000011110000111110011111
01101000000100100100011001011001001001011011111010011000110110111011111011100010101001110100011101000110010011110001111100110101011110110000111101000101011101110110000011101101011010010100011000010101
01000100101110111001111111001000010011011011111101001010110011001000101111011011000100010000110000111011010001000101010010001111001010101100001111001000010111010100111000101001100100011110111000011101
00011101110110100010101101001110010010101001001001110001010011101100001011101010101010000100111111001100110110011000100100111000010100100011010000011010100000110000100110010100011100010110111010111001
10111100010101100000110110101100010100110010101000001011100001001101110111001101111110110001110001111110001101000001010000000110000101001101000100000110100000000011100100111000101101111011100001011101
10100100011000011110001100101011101011010100100010000011011010010000001111100011010011011111000110111011110010111000000100100101001010011101110100010010100110100111101000011110100000010100010111011010
10010101110000110001011010001011000100110000010001110000100010111010100110110100001111011001101001011110100111000010110011110111110110111000000100000111100111011100000001010001011011001010011110100111
11011001111101011011110101101101101111011101111001101111101101111010011001110000111101001010011000010000001101100011101111110100101011000110100000010011110100011001101011101000110001111000010001100011
11000110101011001100111011010111001010011111110111100010010010101001110110101111010011010011001000100111101111000001111000010101001001010100110100100011101110101101000100110000000011101001001010001000
11011011111010110111101100000101010011000000110101000011010000100111000110000000100101000001010110011000011111110011111101000100001100001101110111010001111111111111000100100010101001000111010100101000
10001010100000101101001100101100001111011010101001110000111010110101100001001000101011011101100011010110110110101111001101100000101110001011110011011001100100001101110011010001000011010101110001100100
00110000100110111011011101111110011011111010101101100001001010100101010100011010000010111000001000110010111110000001100101111111101001111010000011001101101101011100110101001101111000111101001000110101
10011101011010001110110010011001111000111110001111000101001011100010101000001101111110100000111011011000000000111101001010001101010011110001110000010000000001100001100010100001011100110101001010110011
01100111011011000100111011100000110110100111110100001011101111001101000010001100110011110101001010110101001101000110001000101100011100001110101111000001010001001100110000000110100100010100011000011000
001110001100011000100011110000001111001101010100