100010100000100110000100111111001011001110011100
01101101011011100001111111100011011100011000010100111111110110111011011000101010101000010000010110101011010100100000000101011000010001011110000000110011110101011010010000110110111001011010000000100000
10100100110001100100010000011011001000010110010001000110101100100111000111111001110100111100011001001000111010001110100001110110101000001011110000010011001000001011101010010010101011100001001100101011
11101011001000010100110010111110011000110000101000010111110011000001101011100110110011001000010100111101001101101000001100100011111100101100100100111011101011011011100101101111000001000101001101100001
11010111111011011110101100010010100100111110100011011111011000011000010011010110001010101001111010110101100010010111111100010011010011001000100010001110011110000011001100001111011110111101101001001011
01100001110110100111101010101000001011100010111000011001011011001011100101011110101001011110111010101101000100001111000101100001010110011000011001110011001100110110000101110110110101000001111111110011
01101001110101010000110010001001101100111000101100100110100101010000010110110011001000011001101001111001111111101011100011010101010001000111100011010100010111101001000001000010101111001010000001100101
01101000110010001111111000101000000101101011000000111101110111111000011001000101100110110110100010000111110101110110010011001011110000001001011001001111111000000100110000101100010000001000001001101001
00011001010001100001010001100010100000011110001101111011111111000110001111101110101111110100111001001001110110000101011100010101111000111000010001110001111011000011010100010011111101011110110011011010
11110001111100111000011001111110111101101001010111110111011000100111110110010110011010111101100010010101101010001110100011101010000100010010111101001110010110101010010011111011110010010111010110101010
11100011011001101111010111110111000110011101110010101000000010101001110011100110010101001000001001100010100110010001000011101110100010111110101111000011110110101000011001101110101011110111101100110010
11101000000101111100110000101001011000101010010111010011101101011111010111001101011010001111110010010000011101000010010110100101100010111110011111101010011001001010100110001001100100010111010001101111
00101010110001111101110011000111110010001111100101000000010101100101100100001110010000000011010110101000100000011001000101000001110100111111011011001101111100010101100110101010000001000101101111010010
00111010000010101011011110101000110001101101001010111001010100101110100010001101001011011001011000000000000010000000000001000101001001110110111011101001110110001110011111010101010101000011010101011001
11110001110000101001110110000010100010101101111100000010000000110000000011101010111011000100001010111010011000110110111100110001011010101101011111001011110110011110001101101000100111110001011110000101
00101111011010011011010011001110100110010011110011000010101101011101011100011000110001111101011111000010010000100010010101011001100100001100110100110101101011110011100100111010001111100111101111111101
00001000000111100101110010010110101101110001000101011111001010011011110110011001010010011001010101010111010000100000111100110111100101010101001011010101001011000111001000001100010110010101000010111110
01011100111001101110001000011010111110010001001001110111011010001011000011111101010000111001011111001011000000011100100010001011110001110100100100001110011010110001001111011010010000010111000010100101
01110011000110011100100011111111011111010000011001000111100000100000100000111011100011010100001000110000110000110011110011111000110001010110001010110001010100001111100100000000000000000001101100111111
00110111111001101001110101001010101111110010011000001111100100101000111110110001100111010100011000001010011011011101110000011101000001110100000010010110110100001010000110101011100000001001110011010100
10011000110000111000011100010001111101100110010110010000110011100100101100001110001101111101001000110000011100111100101010100101110100011001001010011110010101111010011011010011110110111000001001000000
11011111000000000000111000001100111110110100011000011010010110011000100011111011001100000110010110011010100011111110010101110011110011110000111101000101101001010010000000011010001000010101011110010101
01111101110110110101100101011010100101100100100111110110001110110101110000011011010111011001111000011101101011111011001101101100101111100100000100100011110011010000100111100100110101110110100011010000
01010010100101110000001010110000110110100011101010110111100110100011101000000011110010010101100101111100110110111011000101100000000111111000111110100000101011110001000100111000110011101111011000111011
10111001011010000100000101000110000101101101101100011111111001000110111101001110110011110101010010001000010111101100010000001000010000101011001011001111110011111010001111001011111110000010001100110110
00000110001111010001101010101100100101101101100100110101111010001111101011110110010100110110001000110000101110001110000100101111110111101100011001110101111101110001010100010010100110000001000011110000
11011011100010111111000001110010000010111011101100101111110000011110100010110010101000001010110111111110011101000110100011101101111100000101010011001110011111001111101010001010010000111111100010100010
10101100011110111111110010010100111000001110000011111011110011001000111111111010110010001100011011110011110100100101101011110100100110111000000001011100100101111101110111100010011101101100110001101110
01101011110101101011111011011101111010010000011001001110010101100101000000011111101011101110011110000011001001100111101110001001110001001110011110100110110111101100110011000010111001000000000000011011
00001011011111111001000000100100100011001011001100001111001111010010000011110110011011011100010100011111110111101100100110011010011011110011111110100011000010101000111111101010100000011101101010000011
11001001001111111100100000110110011011111100010110011110011011101001010110011100010001111110011101100111000111010111011010001001101111000000101000000001110001101000000111111010100110000000001000110110
10001100001110100011101110100100000000101001100110000101001101011110011010001000110100001001000000000101100110111001100111110011010101110111110000001011000110100000110101001011100001001100000010111000
00110101110111101111011010100001000001000101111010100011000111011000111101001000011011001100111001010101100001100001011110010010100000001000001110001000011010101000001111100000101101001001111001011001
11111110101001100111000000010010011100111011110101010100100001000110000110111110101010111111001100100100111110000111110111101101010000100001101010111110111011001000001111001111001111011000010101000000
00101000011001111110001011100011001000111100011100001011101010000011001001000101110101101111100000010100011011111010010101101110001111101101001111000111011010101000100111101110110010000010100010110100
11010001110110110100111001011000010101001011010001010100010011011011010110001011010100111001001001010000011100010010001010011011001111011101001001110110100111101000000111100000110011110111010001000001
01100000100110111110100111111110011001111100101110010110110101101101000110000111110011100111010110000100000100110011001101010110101001110000101010110000100011000011100101110101011000001011100000000101
01101001011001000110110101111101101111110010001000101100001001000010000110100001001110101110001001000010000010100100011010010101001111011010101000010010111011000110001011010101011100100011000111011010
00010000001101000110011111000011111000110001111010010110110101011001101011111111001001000010010011110110111011000100101101101101110100011011000011111110011111101110011011101000111001101110101010001100
10101011101100001001101001001111110100011001011100010111110101110011101010010101100010000000011100101111011000110001100101011100101001001001110101111001110100001100110011011010111001000010111011111001
01001001000100101110010010111100111101100100010011110011110100111100001010110101101111011010010001110111000011110110011000000001110000110100010000001111001011000010101000100001101011001101000010111001
00101001010110110011000100010110100001111111001001001111101101101010110111010110010010101110111001101111101010110111000000010000100110111011010000010000010101010100101000100000110001101010000101001010
00001001001011100001110001000001101110110100101011011011000010100011100100000011010100101100111100110111010110111100111000100101111110101100110010010110000101100111001110101111110111011111010101111000
01100000010111101111001000010000011100010000001000001011010100110111111011110101101101000001110111100111111111001011110011101100001111100101001011100011101010000101100111010110011010010110110100111001
10100000110101000100000011111011000100011101101101000001001111100100000111101000101000101001011000010101110001110001010101101111001110110100001101101101101010011101100111001100000011110000111111100101
01100011110010110001000010011100111010100001001110110110110111000100000011011010000011010011100101101101100010001000010010000110011111001001001001000110000011001001000001111101010110100110101111001001
01110100110000010001011010010011000111101010001010010100111110101111111110100011001011011100101000001101100110100011111101000111010000100001010000010111110110100100000011001011110111000010100100011011
10000111011100001011111000110010010100010000100101100010000011101001111111101100001101100000011100001111101000100001001110000111001000100110001110010000111111100000010001000011111111100111100011000001
11101111011011100100011111001000000110100111010001011000101000001001100001001111110010110011100111000110110101101110000111111110001101110001100001010011111111011011101101100010101010100001000001011010
10110101001000000001010110000100010111100000001100111101010110100100001101101110010110100000001000001010010011000110010001000001101100100001011001000100011010110010011100011111100111010011011010111010
11001110100011101000011101101010000010111100000100110010000010111010100100101010111000010011001010111110101100100001010011001011111001100011000010100001011111001100000110101110011011001100100001010011
11010011011010000011001000111111001011001001001110111010110110111001011011110000010001010011011000011101011111101101111010110001001010010011111010001101111101100001100001001101011000101010100111101011
01011000100101111111000100110100110010001000100011100111100000110011000011110111101111011010010010110110000111011010011110101010100000101110001011100001100101101100101110010101111010100101111011101010
11010001000011110001011000010101100110000110011100110011001101100001011101101101010000011111111100110110100111010101000011001100110001010011100010110010011010010101000001011011001100100001100110100111
10011111111010111000110101010100010001111000110101000101111010010000010000101011110010100000011001010110100011001000111111100010100000010110101100000011110111011111100001100100010110011011011010001000
01111101011101100100110010111100000010010110010011111110000001001100001011000100000010000010011010010001100101000110000101000110001010000001111000110111101111111100011000111110111010111111010011100100
10011101100001010111000101011110001110000100011100011110110000110101000100111111010111101100110110101111000111110011100001100111111011110110100101011111011101100010011111011001011001101011110110001001
01011010100011101000111010100001000100101111010011101000010101110010111110111100100101110101101010101110001101100110111101011111011100011001110111001010100000001010100111001110011001010100100000100110
00101001100100010000111011101000101111101011110000111101101010000110011011101010111101111011001100101110100000010111110011000010100101100010101001011101001110110101111101011100110101101000111111001001
0000011101000010