110000111011010001000101010010001111001010101100001111001000010111010100111000101001100100011110111000011101000111011101101000101011010011100100101010010010011100010100
11101100001011101010101010000100111111001100110110011000100100111110011010111110110111011110100100000110010011100101011001010000000111111010111011100111100000110010011001111011100010011100010010111000
01001101110111001101111110110001110001111110001101000001010000000110000101001101000100000110100000000011100100111000101101111011100001011101101001000110000111100011001010111010110101001000100000110110
10010000001111100011010011011111000110111011110010111000000100100101001010011101110100010010100110100111101000011110100000010100010111011010100101011100001100010110100010110001001100000100011100001000
10111010100110110100001111011001101001011110100111000010110011110111110110111000000100000111100111011100000001010001011011001010011110100111110110011111010110111101011011011011110111011110011011110101
10110101001110010010010100000111000100100010100110110011110111010010011101101001111010000001111000001100111101110100010000011000010001100011110001101010110011001110110101110010100111111101111000100100
10101001110110101111010011010011001000100111101111000001111000010101001001010100110100100011101110101101000100110000000011101001001010001000110110111110101101111011000001010100110000001101010000110100
00100111000110000000100101000001010110011000011111110011111101000100001100001101110111010001111111111111000100100010101001000111010100101000100010101000001011010011001011000011110110101010011100001110
10110101100001001000101011011101100011010110110110101111001101100000101110001011110011011001100100001101110011010001000011010101011010110000100110100100111111010001100101110001011111010111001110101001
01011000100000000111001011110110001100011001010111001010100101111111101001111010000011001101101101011100110101001101111000111101001000110101100111010110100011101100100110011110001111100011110001010010
11100010101000001101111110100000111011011000000000111101001010001101010011110001110000010000000001100001100010100001011100110101001010110011011001110110110001001110111000001101101001111101000010111011
11001101000010001100110011110101001010110101001101000110001000101100011100001110101111000001010001001100110000000110100100010100011000011000001110001100011000100011110000001111001101010100011000110000
01101010000010011110001110101111011110011100000011111111010111011100100101100001011001110011101011111101110111110101011110000110000001011110111100100001000001110001000000100000101101010011111111001011
10110010110101111011100110101010100001101001100110000111110011110101110000110001000010110010111111011001001010011110001100110001000110111100100001011111001000100010101101111101001101101100100001111101
00010101000000111100011010101101101100101010110011110010011011000010110111100101001111100110100111000001111100001111110110111001001011000010001101010110110111010001001101110111100010101000110101011010
00010000101000100110100010100101000000011001010010001111100000110001110110000101100000110000111110101110000110000010100001111011100010010010001010010111001100111000010101000110100110110101111111101010
00110010110111001010000011011001101000111111010001110100001000010100000101111101101001000000110010111101110000101001000101110001101110100101001010010110010010100111010100111100010001001000001111101001
10010110100100011011010110110100010000110111010111100101010010010111001000001010100100011000110000111111110011110101100000111100101111011100110011111001000001100000111010011011010101000101011100001100
11101001011100100011100011001110110011000111101111000011101100100101101101111110111100100111100100000100010100110101111101000011111100010101001011100001110011111100000001110111101011110101110101101000
10001111000000010000000001001100100110011001100100110011000000111001110010001000011101011011001111100110101000101100011001001000111010001110100001110110101000001011110000010011001000001011101010010010
10101110000100110010101111101011001000010100110010111100100000100001010101101111100010010010000111001100110011010101101101101010001111010000001101000110111101001001001000100110010110110110011010011110
00011001101001101101011010101110100110101101011100100000011000111100000010101110100100110100100011101000000100000010100100111110000001111011101101110111110010010001010101011101111100000111001001001110
11100010101100001000011110010110101000011010010101000001000010000001110100100111110011000111011110101101000111101001100101011111001101001010011110010011101100110100110010110011011101101100011010101101
11101101011011111111001010000011111110100101110010001001101100111000101100100110100101010000010110110011001000011001101001111001111111101011100011010101010001000111100011010100010111100011000110010100
01101000000001011101111011010101110101001011110001010100001110010111010101111011111110110001110111001010001101101100000101001011101111111000110010010111100001010010110011001011110001011100110000001001
10000001000001011000011001110111100111010111100110000101010001101100011010100011101010011101001111011100001111101100110010010110111001011110101000101010100100100100100011110010100010010010111101100110
10101110100010001010010010110111101101100100110110101000111011010111101010101010110101001011101101111000110101111011010101101110000101001001010111000000001101110100111011001001010110101010010011111011
11001001011101011010101011100011011001101111010111110111000110011101110010101000000010101001110011100110010101001000010010010100011101100111000010011000000100101000011111010111111000000001110111011001
00011011111100110010000111010100001111101101110001000111100100010100111011110010001111101010101111011011110001011010110001110100111010010100111000011111000001101001101011000100100111000001011000010010
00110011101010001100111000000100110010111010110111011011110000011111001111010001111111011110001001001000110100000110111000010101000100100010001011010011111001111110110011001010111001101010001000010000
00011000111100111011010000100000000101000010101101000001100110001110000001100010101001011101000001001111000111011001011000000000000010000000000001000101001001110110111011101001110110001110011111010101
01010100001101010101100111110001110000101001110101010000000101001111101000000001000001110000000110010000110011001100010101110001110000101001101000110110100100001110101111010110111000101001001110000100
00111011011011110100111000001011100101110010100010001101011000100010100010000000011110111111101100110101100111101110101011010101110100010001101011110110001101001101111100101110010010100011001001110001
01101100111000101110101000010000001011001011110000101101001011110111011010101110010001100010111001100110100101100011101010101111100100010000111000101110011110101111000011111011000111001011000100001001
10110110111101010010110010101100100111001110001000011010111110010001001001110111011010001011000011111101010000111001011111001011000000011100100010001011110001110100100100001110011000110010011011110100
11010111101000010001111011110010011100101000010110101011101010100101100110001010000101000000000101100110010110101100000001110100100100100110110110110001110110101100000001110010111001001111001001000101
01010101001100110110111101111010100010010011111011000000011011110000110000011011011001000000101000110110001110101001110100000100110110111111110100111110010110111101000000111100111000000100001101000110
01010101001010011010100001110100110101110000111101110010101010011100111001110101100110011101011101001001011010101010000000110000101101101101000001011111101000110111000001111110010101111010011011010011
11011011100000100100000011011111000000000000111000001100111110110100011000011010010110011000100011111011001100001101111101100100000111101100101110100111110011110101111110011010000110110001000100100101
01000111101010110111111011111110101100111010011110110000001010001001011011101000001001111010110001110110111111110010100100111010010111110111001111011100001011011100011100010111100011110100011111011001
10101011110001011110010110100000001011100101000101100101111101000111000000111111011001010011010101000011110101111110011010101101101001110010011111010100011011100101111101010100010011100011011100110100
10011000111111010010011001110110100000001100011010011100011011011011001100111110110010011101101111011100110011110101010010001000010111101100010000001000010000101011001011001111110011111010001111001011
11111000001000110011011000000110001111010001010001011100011011001011011100101010100000001111000011111001111101101000000100100100011001011001001001011011111010011000110110111011111011100010101001110100
01110100011001001111000111110011010101111011000011110100010101110111011000001110110101101001010001100001010101000100101110111001111111001000010011011011111101001010110011001000101111011011000100010000
11000011101101000100010101001000111100101010110000111100100001011101010011100010100110010001111011100001110100011101110110100010101101001110010010101001001001110001010011101100001011101010101010000100
11111100110011011001100010010011111001101011111011011101111010010000011001001110010101100101000000011111101011101110011110000011001001100111101110001001110001001110011110100110111110011100100011010000
10001001010000010011001101010111111111110111000100001000000010000011001000011110001110110100000011101001100110111101101001101111101010001001001100110100110110100110101101000010000000010001111110010000
00000111111001010000011110010011001111101100010001111101100010111001101101111001100010000111111101101001100010101000101110001010011010101011110100000110001011000100010000000110100010010001011110100001
00110001010001010110110001001100011101010010011100011101000001010011011000011111011011111001100101010101101101000010010001011010011001110111011011110010101011101011100110110000100111000010101101101110
00011111011000010011000001111110111010001010111100110100110001001111001110011010111010001110000001001111100101001100010110001010011000010000100101101001011010100110101101001110101101010110000111011010
01110000010001110010111001010101010110110001100010101011101100011111110000100010010000001011001001010111010111010111101110111010011111100011011011111100100000011010111101110111011101001100100111100101
00110100010000100010001000011110000110110111000111011011101100011100001100100111011111100001100110001010011000010111111010000000000111011101100010110111001101111100101101001011001101110110011001011101
11101110100111100111000001000000011001011000111110100100100000000101100010000010100011000101000001000000101100011010000011010100101110000100110000001011100000110101110111101111011010100001000001000101
11101010001100011101100011110100100001101101110011011111101100011100011111100011010000010100000001100001010011010001000001101000000000111001001110001011011110111000010111011010010001100001111000110010
10111010110101001000100000110110100100000011111000110100110111110001101110111100101110000001001001010010100111011101000100101001101001111010000111101000000101000101110110101001010111000011000101101000
10110001001100000100011100001000101110101001101101000011110110011010010111101001110000101100111101111101101110000001000001111001110111000000010100010110110010100111101001111101100111110101101111010110
11011011110111011110011011110101101101010011100100100101000001110001001000101001101100111101110100100111011010011110100000011110000011001111011101000100000101100000100110110111101000001100110110110101
11001101010011011110001111010010001101011001110101101000111011001001100111100011111000111100010100101110001010100000110111111010000011101101100000000011110100101000110101001111000111000001000000000110
000110001010000101110011010100101011001101100111011011000100111011100000110110100111110100001011