0011100101101101100010001000010010000110011111001001001001000110000011001001000001111101010110100110101111001001011101001100000100010110100100110001111010100010
10010100111110101111111111010011100101101100111100100100111011111011111110101011000010010000101010001011010001110000101001100101010001000011111000101111110010111011001011010111101110011010101010000110
10011001100001111100111101011100001100010000101100101111110110010010100111100011001100010001101111001000010111110010001001000011111111100111100011000001111011110110111001000111110010000001101001110100
01011000101000001001100001001111110010110011100111000110110101101110000111111110001101110001100001010011111111011011101101100010101010100001000001011010101101010010000000010101100001000101111000000011
00111101010110100100001101101110010110100000001000001010010011000110010001000001101100100001011001000100011010110010011100011111100111010011011010111010110001010110010111101001000101011010011101000010
10111001101011010101011010010111111110100001100101011101011110111000000001100111011100011011101001010010100101100100101001110101001111000100010010000011111010011001011010010001101101011011010001000011
01110101111001010100100101110010000010101001000110001101011111101101111010110001001010010011111010001101111101100001100001001101011000101010100111101011010110001001011111110001001101001100100010001000
11100111100000110011000011110111101111011010010010110110000111011010011110101010100000101110001011100001100101101100101110010101111010100101111011101010110100010000111100010110000101011001100001100111
00110011001101100001011101101101010000011111111100110110100111010101000011001100110001011001010011010001101111000000000000101101001100110000010001110001011001010101110101100110000000101000001101000110
10001000011111001000001000010101011011111000100100100001110011001100110101011011011010100011110100000011010001101111010010010010001001100101101101100110100111100001100110100110110101100000100101100100
11111110000001001100001011000100000010000010011010010001100101000110000101000110001010000001111000110111101111111100011000111110111010111111010011100100100111011000010101110001010111100011100001000111
00011110110000110101000100111111010111101100110110101111000111110011100001100111111011110110100101011111011101100010011111011001011001101011110110001001010110101000111010001110101000010001001011110100
11101000010101110010011101010110010010010010111101011111001100110001011100100101101100101110110001100101111010101101110011100101101110001010110000110001100101000110100000000101110111101101010111010100
10111100010101000011100101110101011110111111101100011101110010100011011011000001010010111011111110001100100101111000111101011100110101101000111111001001000001110100001001011010010110001011111001111110
10100110010010101001100010011001000101110100011011110010101011000111110111001100011111001000111110010100000001010110010110010000111001000000001101011010100010000001100100010100000111010011111101101100
11011111000101011001101010100000010001011011110100100011101000001010101101111010100011000110110100101011100101010010111010001000110100101110010000011000101000101100001010101010000000011001001111011101
11101110111011110011011010101000000000010000000001101101100011001011110001000100100101000111011001110000100110000001001010000111110101111110000000011101110110010001101111110011001000011101010000111110
11011100010001111001000101001110111100100011111001010010111101101001101101001100111010011001001111001100001010110101110101110001100011000111110101111100001001000010001001010101100110010000110011010011
01011010111100111001001110100011111001111011111111010000100000011110010111001001011010110111000100010101111100101001101111011001100101001001100101010101011101000010000011110011011110010101010100101101
01010010110001110010000011000101100101010000101111100101110011100110111100111000010101010100000000010001100110110100111110001101110000101011010010011110111110101010110001101110111101101011001011000000
01111011010100000001010011111010000000010000011100000001100100001100110011000101011100011100001010011010001101101001000011101011110101101110001010010011100001000011101101101111010011000101011000101011
00010101000011111001000000000000000000011011001111110011011111100110100111010100101010111111001001100000111110010010100011111011000110011101010001100000101001101101110111000001110100000111010000001001
01101101000010100001101010111000000010011100110101001001100011000011100001110001000111110110011001011001000011001110010010110000111000110111110100100011000001110011110010101010010111010001100100101001
11010000001101011011011000110100111111101001000000100100111110101000001001111010110001110101001010010000010100101100111011000111010110011000001100100110111101001101011110100001000111101111001001110010
10000101101010111010101001011001100010100001010000000001011001100101101011000000011101001001001001101101101100011111000011011011100010111111000001110010000010111011101100101111110000011110100010110010
10100000101011011111111001110100011010001110110111110000010101001100111001111100111110101000101001000011111110001010001010101100011110111111110010010100111000001110000011111011110011001000111111111010
11001000110001101111001111010010010110101111010010011011100000000101110010010111110111011110001001110110110011000110111001101011110110011111111111000100010111101000100110000101000010010000001000001101
11111101111100010110100100111011000101010110011011000000110100111111001101000101110001101100101101110010101010000000111100001111100111110110100000010010010001100101100100100101101111101001100011011011
10111110111000101010011101000111010001100100101001101111001111111010001100001010100011111110101010000001110110101000001111001001001111111100100000110110011011111100010110011110011011101001010110011100
01000111111001110110011100011101011101101000100110111100000010100000000111000110100000011111101010011000000000100011011010001100001110100011101110100100000000101001100110000101001101011110011010001000
11010000100100000000010110011011100110011111001101010111011111001101001011001110101111010011010110001101100110101001101000010111111101001101110110110000011000001101101101100101011111001101100010100101
11001111100111001000110100001000100101000001001100110101011111111111011100010000100000001000001100100001111000111011010000001110100110011011110110100110111110101000100100110011100010100101100100101001
00000100001101111111011100010101101110011111010011100010011101111001100110011010111001000111001000111010001000010001101110101101001001010001000001100101010110000100001110110001100101011000110011000101
10010000001101111110000000100110011011001111100110011001110011111010010110110011101100011010011011010111111011011011001000101010101100101100010111011010010010001010111011001011010001001000001000100010
01010010110100000110100011010110101011000010011101001011100011000101010110110111100010001000101001110111000110000100110001011000111000110100110001011000101001100001000010010110100101101010011010110100
11101011010101100001110110100111000001000111001011100101010101011011000110001010101110110001111111000010001010000100011000011011111010101011111100110010010011111000011111011110110101000010000110101011
11101110110010000011110011110011110110000101010000000010100001100111111000101110001100100011110001110000101110101000001100100100010111010110111110000001010001101111101001010110111000111110110100111100
01110110101010001001111011101100100000101000101101001101000111011011010011100101100001010100101101000101010001001101101101011000010100100011010000011010100000110000100110010100011100010110111010111001
10111100010101100000110110101100010100110010101000001011100001001101110111001101111110110001110001111110001101000001010000000110000101001101000100000110100000000011100100111000101101111011100001011101
10100100011000011110001100101011101011011000000001010110100101100100011011010111110110111111001000100010110000100100001000011010000100111010111000100100001000001010010001101001010100111101101010100001
00101110110001100010110101010111001000110001110110100001000000110100011001111100001111100011000111101001011011010101100110101111111100100100001001001111011011101100010010110110110111010001101100001111
11100111111011100110111010001110011011101010100011001010101101111010011001110000111101001010011000010000001101100011101111110100101011000110100000010011110100011001101011101000110001111000010001100011
11000110101011001100111011010111001010011111110111100010010010101001110110101111010011010011001000100111101111000001111000010101001001010100110100100011101110101101000100110000000111000011010001000000
11110010110000101010001000011010110011010000101110010010100101011011001100010001011010000111111100100100111110110110101011011101011001001010111011100110111110101011011100000001000010011011101101000001
00000101010101001010001000001100011010100001010010100000100100101110000111000100000110111011010010101101101100001010001110010000001101010010110011110011011101011011110011100010010111111010110001100100
00110000100110111011011101111110011011111010101101100001001010100101010100011010000010111000001000110010111110000001100101111111101001111010000011001101101101011100110101001101111000111101001000110101
10011101011010001110110010011001111000111110001111000101001011100010101000001101111110100000111011011000000100111110010000011110100010100010100101100001010111000111000101010110111100111011010000110110
11011010100111011001110011000000111100001111111001010110001111001011000100001001110011101010000100111011011011011100010000001101101000001101001110010110110110001000100001001000011001111100100100100100
01100000110010010000011111010101101001101011110010010111010011000001000101101001001100011110101000101001010011111010111111111101001110010110110011110010010011101111101111111010101100001001000010101000
10110100011100001010011001010100010000111110001011111100101110110010110101111011100110101010100001101001100110000111110011110101110000110001000010110010111111011001001010011110001100110001000110111100
10000101111100100010001010110111110101111000110000011110111101101110010001111100100000011010011101000101100010100000100110000100111111001011001110011100011011010110111000011111111000110111000110000101
00111111110110111011011000101010101000010000010110101011010100100000000101011000010001011110000000110011110101011010010000110110111001011010000000100000101001001100011001000100000110110010000101100100
01000110101100100111000111111001110100110110101110101100010101100101111010010001010110100111010000101011100110101101010101101001011111111010000110010101110101111011100000000110011101110001101110100101
00101001011001001010011101010011110001000100100000111110100110010110100100011011010110110100010000110111010111100101010010010111001000001010100100011000110000111111110011101011000100101001001111101000
11011111011000011000010011010110001010101001111010110101100010010111111100010011010011001000100010001110011110000011001100001111011110111101101001001011011000011101101001111010101010000010111000101110
00011001011011001011100101011110101001011110111010101101000100001111000101100001010110011000011001110011001100110110000101110110110101000001111111110011011010011101010100001100110011000101100101001101
00011011110000000000001011010011001100000100011100010110010101011101011001100000001010000011010001101000100001111100100000100001010101101111100010010010000111001100110011010101101101101010001111010000
00110100011011110100100100100010011001011011011001101001111000011001101001101101011010101110100110101111111000000100110000101100010000001000001001101001000110010100011000010100011000101000000111100011
01111011111111000110001111101110101111110100111001001001110110000101011100010101111000111000010001110001