01100011000001101010000010011110001110101111011110011100000011111111010111111101001110010110110011110010010011101111101111111010101100001001000010101000
10110100011100001010011001010100010000111110001011111100101110110010110101111011100110101010100001101001100110000111110011110101110000110001000010110010111111011001001010011110001100110001000110111100
10000101111100100010001010110111110100110110110010000111110100010101000000111100011010101101101100101010110011110010011011000010110111100101001111100110100111000001111100001111110110111001001011000010
00110101011011011101000100110111011110001010100011010101101000010000101000100110100010100101000000011001010010001111100000110001110110000101100000110000111110101110000110000010100001111011100010010010
00101001011100110011100001010100011010011011010111110010011101010110010010010010111101011111001100110001011100100101101100101110110001100101111010101101110011100101101110001010110000110001100101000110
10000000010111011110110101011101010010111100010101000011100101110101011110111111101100011101110010100011011011000001010010111011111110001100100101111000010100101100110010111100010111001100000010011000
00010000010110000110011101111001110101111001100001010100011011000110101000111010100111010011110111000011111011001100100101101110010111101010001010101001001001001000111100101000100100101111011001101010
11101000100010100100101101111011011001001101101010001110110101111010101010101101010010111011011110001101011110110101011011100001010010010101110000000011011101001110110010010101101010101000101000101100
00101010101000000001100100111101110111101110111011110011011010101000000000010000000001101101100011001011110001000100100101000111011001110000100110000001001010000111110101111110000000011101110110010001
10111111001100100001110101000011111011011100010001111001000101001110111100100011111010101011110110111100010110101100011101001110100101001110000111110000011010011010110001001001110000010110000100100011
00111010100011001110000001001100101110101101110110111100000111110011110100011111110111100010010010001101000001101110000101010001001000100010110100111110011111101100110010101110011010100010000100000001
10001111001110110100001000000001010000101011010000011001100011100000011000101010010111010000010011110001110110010110010101010100000000010001100110110100111110001101110000101011010010011110111110101010
11000110111011110110101100101100000001111011010100000001010011111010000000010000011100000001100100001100110011000101011100011100001010011010001101101001000011101011110101101110001010010011100001000011
10110110111101001110000010111001011100101000100011010110001000101000100000000111101111111011001101011001111011101010110101011101000100011010111101100011010011011111001011100100101000110010011100010110
11001110001011101010000100000010110010111100001011010010111101110110101011100100011000101110011001101001011000111010101011111001000100001110001011100111101011110000111110110001110010110001000010011011
01101111010100101100101011001001110011100010000101011011011000110100111111101001000000100100111110101000001001111010110001110101001010010000010100101100111011000111010110011000001100100110111101001101
01111010000100011110111100100111001010000101101010111010101001011001100010100001010000000001011001100101101011000000011101001001001001101101101100011101101011000000011100101110010011110010010001010101
01010011001101101111011110101000100100111110110000000110111100001100000110110110010000001010001101100011101010011101000001001101101111111101001111100101101111010000001111001110000001000011010001100101
01010010100110101000011101001101011100001111011100101010100111001110011101011001100111010111010010010110101010100000001100001011011011010000010111111010001101110000011111100101011100001100111000101111
01100000000011000000101111110001010001011100010111011011011011011101011000011011001100010000101100110110000011011111011001000001111011001011101001111100111101011111100110100001101100010001001001010100
01111010101101111110111111101011001110100111101100000010100010010110111010000010011110101100011101101111111100101001001110100101111101110011110111000010110111000111000101111000111101000111110110011010
10111100010111100101101000000010111001010001011001011111010001110000001111110110010100110101010000111101011111100110101011011010011100100111110101000110111001011111010101000100111000110111001101001001
10001111110100100110011101101000000011000110100111000110110110110011001111101100100111011011110111001100111101011100010001011110100010011000010100001001000000100000110111111101111100010110100100111011
00010101011001101100000011010011111100110100010111000110110010110111001010101000000011110000111110011111011010000001001001000110010110010010010110111110100110001101101110111110111000101010011101000111
01000110010011110001111100110101011110110000111101000101011101110110000011101101011010010100011000010101010001001011101110011111110010000100110110111111010010101100110010001011110110110001000100001100
00111011010001000101010010001111001010101100001111001000010111010100111000101001100100011110111000011101000111011101101000101011010011100100101010010010011100010100111011000010111010101010100001001111
11001100110110011000100100111110011010111110111010111101001101011000110110011010100110100001011111110100110111011011000001100000110110110110010101111100110110001010010111001111100111001000110100001000
10010100000100110011010101111111111101110001000010000000100000110010000111100011101101000000111010011001101111011010011011111010100010010011001101001101101001101011010000100000000100011111100100000000
01111110010100000111100100110011111011000100011111011000101110011011011110011000100001111111011010011000101010001011100010100110101010111101000001100010110001000100000001101000100100010111101000010011
00010100010101101100010011000111010100100111000111010000010100110110000111110110111110011001010101011011010000100100010110100110011101110110111100101010111010111001101100001001110100000110100011010110
10101100001001110100101110001100010101011011011110001000100010100111011100011000010011000101100011100011010011000101100010100110000100001001011010010110101001101011010011101011010101100001110110100111
00000100011100101110010101010101101100011000101010111011000111111100001000100100000010110010010101110101110101111011101110100111111000110110111111001000000110101111011101110111010011001001111001010011
01000100001000100010000111100001101101110001110110111011000111000011001001110111111000011001100010100110000101111110100000000001110111011000101101110011011111001011010010110011011101100110010111011110
11101001111001110000010000000110010110001111101001001000000001011000100000101000110001010000010000001011000101000001101010000011000010011001010001110001011011101011100110111100010101100000110110101100
01010011001010100000101110000100110111011100110111111011000111000111111000110100000101000000011000010100110100010000011010000000001110010011100010110111101110000101110110100100011000011110001100101011
10101101010010001000001101101001000000111110001101001101111100011011101111001011100000010010010100101001110111010001001010011010011110100001111010000001010001011101101010010101110000110001011010001011
00010011000001000111000010001011101010011011010000111101100110100101111010011100001011001111011111011011100000010000011110011101110000000101000101101100101001111010011111011001111101011011110101101101
10111101110111100110111101011011010100110111000011110100101001100001000000110110001110111111010010101100011010000001001111010001100110101110100011000111100001000110001111000110101011001100111011010111
00101001111111011110001001001010100111011010111101001101001100100010011110111100000111100001010100100101010011010010001110111010110100010011000000001110100100101000100011011011111010110111101100000101
01001100000011010100001101000010011100011000000010010100000101011001100001111111001111110100010000110000110111011101000111111111111100010010001010100100011101010010100010001010100000101101001100101100
00111101101010100111000011101011010110000100100010101101110110001101011011011010111100110110000010111000101111001101100110010000110111001101000100001101010101101011000010010000100110111011011101111110
01101111101010110110000100101010010101010001101000001011100000100011001011111000000110010111111110100111101000001100110110110101110011010100110111100011110100100011010110011101011010001110110010011001
11100011111000111100010100101110001010100000110111111010000011101101100000000011110100101000110101001111000111000001000000000110000110001010000101110011010100101011001101100111011011000100111011100000
11011010011111010000101110111100110100001000110011001111010100101011010100110100011000100010110001110000111010111100000101000100110011000000011010010001010001100001100000111000110001100010001111000000
11110011010101000110001100000110101000001001111000111010111101111001110000001111111101011101110010010110011011001111001001001110111110111111101010110000100100001010100010110100011100001010011001010100
01000011111000101111110010111011001011010111101110011010101010000110100110011000011111001111010111000011000100001011001011111101100100101001111000110011000100011011110010000101111100100010001010110111
11010011011011001000011111010001010100000011110001101010110110110010101011001111001001101100001011011110010100111110011010011100000111110000111111011011100100101100001000110101011011011101000100110111
01111000101010001101010110100001000010100010011010001010010100000001100101001000111110000011000111011000010110000011000011111010111000011000001010000111101110001001001000101001011100110011100001010100
01101001101101011111111010100011001011101001000101011010011101000010101110011010110101010110100101111111101000011001010111010111101110000000011001110111000110111010010100101001011001001010011101010011
11000100010010000011111010011001011010010001101101011011010001000011011101011110010101001001011100100000101010010001100011000011111111001111010110000011110010111101110011001111100100000110000011101001
10110101010001010111000011001110100101110010001110001100111011001100011110111100001110110010010110110111111011110010011110010000010001010011010111110100001111110001010100101110000111001111110000000111
01111010111101011101011010001000111100000001000000000100110010011001100110010011001100000011100111001000100001110101101100111110011010100010110001100100100011101000111000011011110000000000001011010011
00110000010001110001011001010101110101100110000000101000001101000110100010000111110010000010000101010110111110001001001000011100110011001101010110110110101000111101000000110100011011110100100100100010
01100101101101100110100111100001100110100110110101101010111010011010110101110010000001100011110000001010111010010011010010001110100000010000001010010011111000000111101110110111011111001001000101010101
11011111000001110010010011101110001010110000100001111001011010100001101001010100000100001000000111010010011111001100011101111010110100011110100110010101111100110100101001111001001110110011010011001011
00110111011011000110101011011110110101101111111100101000001111111010010111001000100110110011100010110100100100101111010111110011001100010111001001011011001011101100011001011110101011011100111001011011
10001010110000110001100101000110100000000101110111101101010111010100101111000101010000111001011101010111101111111011000111011100101000110110110000010100101110111111100011001001011110000101001011001100
10111100010111001100000010011000000100000101100001100111011110011101011110011000010101000110110001101010001110101001110100111101110000111110110011001001011011100101111010100010101010010010010010001111
0010100010010010111101100110101011101000100010100100101101111011011001001101101010001110110101111010101010101101