111011000011010100010011111101011110110011011010111100011111001110000110011111101111011010010101
11110111011000100111110110010110011010111101100010010101101010001110100011101010000100010010111101001110100001010111001001110101011001001001001011110101111100110011000101110010010110110010111011000110
01011110101011011100111001011011100010101100001100011001010001101000000001011101111011010101110101001011110001010100001110010111010101111011111110110001110111001010001101101100000101001011101111111000
11001001011110000101001011001100011010001111110010010000011101000010010110100101100010111110011111101010011001001010100110001001100100010111010001101111001010101100011111011100110001111100100011111001
01000000010101100101100100001110010000000011010110101000100000011001000101000001110100111111011011001101111100010101100110101010000001000101101111010010001110100000101010110111101010001100011011010010
10111001010100101110100010001101001011100100000110001010001011000010101010100000000110010011110111011110111011101111001101101010100000000001000000000110110110001100101111000100010010010100011101100111
00001001100000010010100001111101011111100000000111011101100100011011111100110010000111010100001111101101110001000111100100010100111011110010001111101010101111011011100110110100110011101001100100111100
11000010101101011101011100011000110001111101011111000010010000100010010101011001100100001100110100110101101011110011100100111010001111100111101111111101000010000001111001011100100101101011011100010001
01011111001010011011110110011001010010011001010101010111010000100000111100110111100101010101001011010101001011000111001000001100010110010101000010111110010111001110011011110011100001010101010000000001
00011001101101001111100011011100001010110100100111101111101010101100011011101111011010110010110000000111101101010000000101001111101000000001000001110000000110010000110011001100010101110001110000101001
10100011011010010000111010111101011011100010100100111000010000111011011011110100111000001011100110110001010100001111100100000000000000000001101100111111001101111110011010011101010010101011111100100110
00001111100100101000111110110001100111010100011000001010011011011101110000011101000001110100000010010110110100001010000110101011100000001001110011010100100110001100001110000111000100011111011001100101
10010000110011100100101100001110001101111101001000110000011100111100101010100101110100011001001010011101000000110101101101100011010011111110100100000010010011111010100000100111101011000111010100101001
00000101001011001110110001110101100110000011001001101111010011010111101000010001111011110010011100101000010110101011101010100101100110001010000101000000000101100110010110101100000001110100100100100110
11011011000111011010110000001011010111011001111000011101101011111011001101101100101111100100000100100011110011010000100111100100110101110110100011010000010100101001011100000010101100001101101000111010
10110111100110100011101000000011110010010101100101111100110110111011000101100000000111111000111110100000101011110001000100111000110011101111011000111011101110010110100001000001010001100001011011011011
00011111111001000110111101001110110011111010000011001110001011110110000000001100000010111111000101000101110001011101101101101101110101100001101100110001000010110011011000001101111101100100000111101100
10111010011111001111010111111001101000011011000100010010010101000111101010110111111011111110101100111010011110110000001010001001011011101000001001111010110001111000101111110000011100100000101110111011
00101111110000011110100010110010101000001010110111111110011101000110100011101101111100000101010011001110011111001111101010001010010000111111100010100010101011000111101111111100100101001110000011100000
11111011110011001000111111111010110010001100011011110011110100100101101011110100100110111000000001011100100101111101110111100010011101101100110001101110011010111101100111111111110001000101111010001001
10000101000010010000001000001101111111011111000101101001001110110001010101100110110000001101001111110011010001011100011011001011011100101010100000001111000011111001111101101000000100100100011001011001
00100101101111101001100011011011101111101110001010100111010001110100011001001111000111110011111110100011000010101000111111101010100000011101101010000011110010010011111111001000001101100110111111000101
10011110011011101001010110011100010001111110011101100111000111010111011010001001101111000000101000000001110001101000000111111010100110000000001000110110100011000011101000111011101001000000001010011001
10000101001101011110011010001000110100001001000000000101100110111001100111110011010101110111110011010010110011101011110100110101100011011001101010011010000101111111010011011101101100000110000011011011
01100101011111001101100010100101110011111001110010001101000010001001010000010011001101010111111111110111000100001000000010000011001000011110001110110100000011101001100110111101101001101111101010001001
00110011010011011010011000101001000001000011011111110111000101011011100111110100111000100111011110011001100110101110010001110010001110100010000100011011101011010010010100010000011001010101100001000011
10110001100101011000110011000101100100000011011111100000001001100110110011111001100110011100111110100101101100111011000110100110110101111110110110110010001010101011001011000101110110100100100010101110
11001011010001001000001000100010010100101101000001101000110101101010110000100111010010111000110001010101101101111000100010001010011101110001100001001100010110001110001101001100010110001010011000010000
10010110100101101010011010110100111010110101011000011101101001110000010001110010111001010101010110110001100010101011101100011111110000100010010000001011001010010110010001101101011111011011111100100010
00101100001001000010000110100001001110101110001001000010000010100100011010010101001111011010101000010010111011000110001011010101011100100011000111011010000100000011010001100111110000111110001100011110
10010110110101011001101011111111001001000010010011110110111011000100101101101101110100011011000011111110011111101110011011101000111001101110101010001100101010110111101001100111000011110100101001100001
00000011011000111011111101001010110001101000000100111101000110011010111010001100011110000100011000111100011010101100110011101101011100101001111111011110001001001010100111011010111101001101001100100010
01111011110000011110000101010010010101001101001000111011101011010001001100000000111010010100010000001111001011000010101000100001101011001101000010111001001010010101101100110001000101101000011111110010
01001111101101101010110111010110010010101110111001101111101010110111000000010000100110111011010000010000010101010100101000100000110001101010000101001010000010010010111000011100010000011011101101001010
11011011000010100011100100000011010100101100111100110111010110111100111000100101111110101100011001000011000010011011101101110111111001101111101010110110000100101010010101010001101000001011100000100011
00101111100000011001011111111010011110100000110011011011010111001101010011011110001111010010001101011001110101101000111011001001100111100011111000111100010100101110001010100000110111111010000011101101
10000000001111010010000111101000101000101001011000010101110001110001010101101111001110110100001101101101101010011101100111001100000011110000111111100101011000111100101100010000100111001110101000010011
10110110110111000100000011011010000011010011100101101101100010001000010010000110011111001001001001000110000011001001000001111101010110100110101111001001011101001100000100010110100100110001111010100010
10010100111110101111111111010011100101101100111100100100111011111011111110101011000010010000101010001011010001110000101001100101010001000011111000101111110010111011001011010111101110011010101010000110
10011001100001111100111101011100001100010000101100101111110110010010100111100011001100010001101111001000010111110010001000101011011111010011011011001000111011110110111001000111110010000001101001110100
01011000101000001001100001001111110010110011100111000110110101101110000111111110001101110001100001010011111111011011101101100010101010100001000001011010101101010010000000010101100001000101111000000011
00111101010110100100001101101110010110100000001000001010010011000110010001000001101100100001011001000100011010110010011100011111100111010011011010111010110001010110010111101001000101011010011101000010
10111001101011010101011010010111111110100001100101011101011110111000000001100111011100011011101001010010100101100100101001110101001111000100010010000011111010011001011010010001101101011011010001000011
01110101111001010100100101110010000010101001000110001100001111111100111101011000001110010011111010001101111101100001100001001101011000101010100111101011010110001001011111110001001101001100100010001000
11100111100000110011000011110111101111011010010010110110000111011010011110101010100000101110001011100001100101101100101110010101111010100101111011101010110100010000111100010110000101011001100001100111
00110011001101100001011101101101010000011111111100110110100111010101000011001100110001011001010011010001101111000000000000101101001100110000010001110001011001010101110101100110000000101000001101000110
10001000011111001000001000010101011011111000100100100001110011001100110101011011011010100011110100000011010001101111010010010010001001100101101101100110100111100001100110100110110101101010111010011010
11010111001000001100001011000100000010000010011010010001100101000110000101000110001010000001111000110111101111111100011000111110111010111111010011100100100111011000010101110001010111100011100001000111
00011110110000110101000100111111010111101100110110101111000111110011100001100111111011110110100101011111011101100010011111011001011001101011110110001001010110101000111010001110101000010001001011110100
11101000010101110010011101010110010010010010111101011111001100110001011100100101101100101110110001100101111010101101110011100101101110001010110000110001100101000110100000000101110111101101010111010100
10111100010101000011100101110101011110111111101100011101110010100011011011000001010010111011111110001100100101111000010100101100110010111100010111001001000001110100001001011010010110001011111001111110
10100110010010101001100010011001000101110100011011110010101011000111110111001100011111001000111110010100000001010110010110010000111001000000001101011010100010000001100100010100000111010011111101101100
11011111000101011001101010100000010001011011110100100011101000001010101101111010100011000110110100101011100101010010111010001000110100101110010000011000101000101100001010101010000000011001001111011101
11101110111011110011011010101000000000010000000001101101100011001011110001000100100101000111011001110000100110000001001010000111110101111110000000011101110110010001101111110011001000011101010000111110
11011100010001111001000101001110111100100011111010101011110110111100010110101100111010011001001111001100001010110101110101110001100011000111110101111100001001000010001001010101100110010000110011010011
01011010111100111001001110100011111001111011111111010000100000011110010111001001011010110111000100010101111100101001101111011001100101001001100101010101011101000010000011110011011110010101010100101101
01010010110001110010000011000101100101010000101111100101110011100110111100111000010101010100000000010001100110110100111110001101110000101011010010011110111110101010110001101110111101101011001011000000
01111011010100000001010011111010000000010000011100000001100100001100110011000101011100011100001010011010001101101001000011101011110101101110001010010011100001000011101101101111010011100000101110010111
001010001000111110010000000000000000000110110011111100110111111001101001110101001010101111110010011000001111100100101000111110110001100111010100011000001010011011011101