110010101011110100010010111011110001011011001100001100010000110100000110000110101100100011100100101101011100100011001010110010111111010110111100000101101000101100100101101000000110
010001110010110111110110110111000110100010011010111100010000111011110011110000011010111101011111100110000000010001101100111100011100111011110010110111010000100011110000001000101101
101001001101000011010100101101000011101111011011001110110011000001000001111101111111110111011100011010011110010111100101111101100111001101011010011010010001101100011010111110001100
110001110000010011000100011101000100000110011101111011010101100001110011000000110101010010101110010101011000100110100110110101111010101110101011000010100011100000100001110110111011
110110111110010101010001011000111110100110100100111011111101000101010100111011000111101110010100110100000001101000001100101110111100010100111111011110001110110111001110111101000110
1110110000001011011011111011000111101101111001111110100011001100111110101011111110101001110110010011110010111000001010011010
110101011010011101111010111110000011101010000010000100101110110001100111000001011000100111010000100110110101111000110011101101100001000100100100111110101011111111011101000100010011
001101000111001100000101010011100110000100000000111110111010001011110011101010111011000000100111000000001011011110011010001000110110100011110010001010110111001100111001010000111001
111111100011101010101010011101111110101110000100110001000000111111110110010101011110101000110111011011101010011100000000110011011110000100101011010011011001001101011010000011101110
101011011101111101001110111111100010111001101001111010010101111000101101111000101000011101010100100101101011100011000010011000111110100001010110100111011111000001101010000100110110
101000100000001011101011010001011010011011111001001010101110110001110010101100010010110100011010101100101110101010001010000001010001111101000010001001010011011100001110101110110111
1110100101001011011100010000001110000001110000011001011110000110101110110110101001110110101110111011011111100001011000000001
101000011100010000000110001001000101001000000101001101111010000011000100001101010101110111111110110010100111011100110100010001111110111101001000110110111110110000111011011000110000
011001010111111111110100000000010001100101100010010101110010110000010101101100100110000001011101000011101100110101011010101111000101011101000011111001000000010000100001110010001010
100010000101110001010110111010101011110011011100110110011110110101111101100010110010111110110000100101010001100001101001111001010011101000001101101010110101001000100010110100100010
110100001001100111011100111100010010110100000101110000001100101111110011100101000011010001001001111111011101011110100011110101010010101100010000010101001100110100101111001001010101
110010101101000111100000101010110101011011001101010101001011111011010000000100101111001000001010011010000000001100110010001110001000111001001011110111000000001111010010101100100110
1011000010010001100110001001101001111001110011001011001011111101010000010101111000001000010011111111110101001110011011100001
001111111110100110110110100000000110010111011101010110010011111001010000100111100000011111000111011110011001011110101111101001101100100010110011001000001100000000101100100001010000
111001001010000100011111101110000100101110000101110011100010101010111100100111010000000001000010000001100001100110110111100010110001001101011111100010100101100001110100101100111110
111000010001101010000110110111001110000000101110001001000110110001000001001011111011000110101100111010011011011011100000011010100000000110110111011010110011100110111010110111001100
011001000001000101101101101001010110111000110010110100000001001011111011110101101110011001100010011011010010000001010100011101001111001010011001000100111000000110010001100110111101
010110010001001100011111010001001100011000011011110001111001011000010101001011000001000101100111010011100110001011111101000100110111100011011010001100111101111101111011011111101011
1101110101001100110100000101011111001110011000011000101111101001100001011001111010111001011011101101001110101111001001010101
111000110000010000100101111110000100001110011010101111110111000000100010000100010100100010000000101001110111000001001010100011111100010111000100011010111001100101100110111101001111
001000101110101010011011110101001110111010101000101010000010000111001011001110001001000110010111100010100001011101010010001011001010011010001010101111000111111000100001110011101101
000011011001100111001110110001010011010100001001000000110110011101001110100011100110001101000001100111010011110111101001001111110111111101000000101111000000000000110100100111000011
001001110010000011110011101100110110000100011011010100111011010011111001000100101111010111011111110100011100000011001110010101111000100111110111001010110010100010110110010100101001
101110101011011101100001110111001011110011101000011001101000110010000000010010110001010001110101010110001111001011011000111110100010101011000111000100010101100100111110000000101000
0110000001001001101001010110001101000001010001110010110111110110100011110010101001000101011111101011000110010000111101000001
000001001100010111110011000010110111101110111001110001110111100010100101100110011011001000000011110000101100000111000011101101100100001001000001110111000101101110101010100011001111
000101101100001010111100011101101000001011001001100110101010001001011010010001001010000110001101111010010010000001100100111101100011111111100110011011010011111111111100100011101100
010011010000000111011110111101100111101111100110101001101100100100001101111010011011010100001110100011010101110110010110100110000000011001111011011110110101100110110001110110100011
001110111001100101000110100001010110111010001100001101011011000000100010111001001010001001001111110010011001111010010110010101100000011011001111110101101011001010110111000100010000
000110110000101110100110001110010100111101010000001001010011101111100101000100111101000110010101010110001111000000011111011010001111011100011010001101000010110010100011101101101001
1001110011110101001000011110111101011111000000111100010000001000001100010110001100010111001100010011001001000000110100010000
011101010011101001011111100001001110000011010001111011100001100111110010001001111000010101001111000110010011010001100000100111101001100011001100000101001100001001010011100010100111
101100100110111010101110000100111011000000010010111001010110101110100111100111010011011111010110000000010011000111000001110010111000010111110010011010110000000000101010101001010001
101010100100110111011101100100101110111001011100111000010100111110011111000101111111010000101111010100110001101000111101101010000110010110010101110110100111111011100111000000010100
100111101111000110011110101101001000100101111011110010100111000100101010101101100101001101111011001101001011011111100111011100100110111000111100111111100000110001000010100101010101
010001011000001111010110100000101010001000100011100000011001010000010001000010010100011001000110100110100100000111101001001010101000110111011000010001110010010101001101011011001011
0110011111101110010100010110001111100100101110000001100111000111110101101000000010110001010011110111001001100111001100000000
100010010110100101111000111010001101001101100111010010110101011001111011100111110110011111001010101101101101011000000011010100101101101111111010000000011010000011100000011110110001
000110101011110110000111000110101110010000101101101001100101001011100010010011110000100110000010010110001000010000010110001101011111100101111111110011001010100001000011011000010011
100100000111001110101111001101100101111101100011010101011010010111101010001110111011110000011100111000010101000100100111001101010001010011011110010011111010110011101110010010000110
000010111000100011100000011001000111111100101011010110000011111110101001100001101011100010100010100000001001010110100110100000011001110111101001101001111010100111001111011110010010
110110100111010111111010110011011101001011101110011111111000111101101001110001110000100010000101001110100011110011111010010011111101010111001101001010101110001110101101000010010101
1010000011111011111110011011100101111111011101011110000110100110010111001001110011001010011011101000010001001100101111011111
010011101010100001000111011110011010100110101110000000010010001100000100111010001000000010011101101011000010111100000011100101110011110111101001100111100001111010100111000010110110
011111000010011010111111110101111000000000011010101110000010000101010010100001100110011100001010100011110101001000011110100001100000111101011111111011100011100100111000110011000110
111000101000010001010111101011000010111110101110001101100011101101001010000111000000010101100111011110101111011101000000101101110001000000011100001010110001011100100000110010100100
000010000000000101011111101010110110000000010000101100100110101001101110110001000100001111111000011111010101110100011110011011101011010110101100011000011101101100101110100110100111
001001001010011001100100010100001010001010010011110110011101110111111000100011001010011101000000110110111010100010100000010001001101011000000110000110010100100010000011110010110111
0110000000000000101100111010100111001011111111100111110111011000011100000000111100000001000010001010100001001001101101011000
111110011101100110000111011100110011100101101010010101101000011111110100101111111000100000111101010010110111001101010100011011011111000001101110011001110101111100010111010110010111
111110000011011101111100111100101100001011011100011011101010110100111110000101010110110011100001100110110000101010111001001000110111000110110000010011000101001010101111011000010001
100100100111101000010100100101101110100001011100000011100000000000110111010111011010001111110101001110011011110010100001001101101010001000010000100110001100111110001010100010101001
100100001101010010001011001100110101100101000101101111001000100110100001001101010011111000010011111001011110010001100000011011100100101001010111001001110000111101010110001111111100
101011000000000101001110000100100101101100101110000101110011010000000001010111011110100111100001110010001101000011010101111010000010111110011100111000011011000001000100000110111001
0010010011010111101011010010101001001001111100010011011000001111010100011100011101100110111001000010110000001100101111000100