01001101101001110011000100001011100010111010000110001011101010001000011111000000001101010111111001001010011111000011001101011110100110000110001010000000100011110101001011000111110010111111011110000010
01101111110101111000100000011000101011110100000011001001101000110011100011010100011010100001000011110110111110110101010000001010011011110010001101011110011100101101000111010101001010100011000000110010
00110100110000101011000110000110101110011111011110110011010011100010101001100110001011001100010000101011011010100011100110110111111001011000100101101001110010010110110010111001001100001010011000101100
10001000010001001101110011110000100110010001111100001110000011000101010000010111011110110001011010100100000110101000101111100000011011110101011010011011010011011100101110100111001010100011100110101011
01001011010111010010000010001011100111000010111111010100100001111101010110110000010010000001100000110110001000011000011101111011110011001001001111001111000111010100010011011111110110001111101001001000
00111011101101001100100111010111000101010100110011101111101101110101100100110100010100101111101100110001000100111110010110001001000100001011001110111001111111001111000101000111100101111001010110000000
11010001011010000101001101101010001010001111101111011100101011101001100100000011111101100111111011111101110010000111011111111001110001110000000010111110010000110111110001101011111100011100111011000001
01001011101100100011010110111101010011011100111000011111100100110010111000110010100100100000100011100010111000100101000111110010000111000101001101000100001001110001110011001001011011000000111110000001
11010011001011101101010100111000001101001101100101110101100010001110000100100110001111111110111100100100111001100000111110010011110011010001110101010011110111000100001101000100000010000101010100110001
01100100101010001110001011011100101100111000111000101001101011011110110101100010100111000001110001011001111111100101011000001010000111011000100010001101100110110111100111110011000100010000011000100010
00010000111000011000001000101000110100111010000000101001010101011001001110110101000111011110101000001101111101011001001001011100110100111110110110011111110101110101011001010011100111101010101100011101
01110110011110101110011111010101010111101110010101010011100100100111000111101100100100111111111011100110000000101111010101001111010010010001001101011000000000100000110110010000001001010011011010010100
11100010111011001000000011010011001111011110111010010110000100001011111111001110110000000011011001000100011111000000001101101100010000011111000111000100000010001001110010101011100001000101001010001010
1010101011100111000111110101100100100110010001100111001110110011010101001011010000001110110110100001110001000100111011000101000011001000010011000