1110111011101111
11101110111011111010101011101110101011111110101010101110101010111111101111101111111011111111101111101111111111101011101110111011101010111011111010101111111111101110101111101110101110101111111011111111
11111011101010111011101110111010111111101111101010111111111011111110101100010000010100010000000000000001010001000000000001010000010001010100010101010000000100010000010101010101000101010100000001010100
01010001010100000101010001010101000100000001010001010100010100000000000001000101000101000101010101000101000000010101010001010001010101000001010101010100010000000101000001010000010101010100010001000101
01010101010001000100000101010001010000010000010101010000010001010100000000000100010000010100010001010001000100010100010000010101000101010100010001010101010000000000010101000100010000000000010000000001
00000100010101000101000000010100000101010000000000010001010000000100000101010001000000000100000101000101000100010101010000000101000001010100010100010100000000010000000100000100000100000101010101000100
01000001000101000100000000000101010001010100010001000101000101010001010101010001000001010100010101010101010000000100010101000001010001000001010101000100000100010001010101000000010001010001010101000000
01000100000000010101000100010001000001000001000101000100010101000000010100000000010000010100000001010101010001000000000100010001010001000001010100010101010100000000000101000100010000000001000001010001
01000100010000000100000000000000010001010100010001010001000000010001010001000001010001010101010000010000010001000100010101000101000000010101000001000100010100000001000001000101000100000001010001000100
01010000010001010100010001000100000001000100000000000001000100000001010101010001000000000100000001000001000100000101000101010000000001010010011100101110010111011111000001010110001100111000101001011001
00101001000001000011011111110111000101011011100111110100111000100111011110011001100110101110010001110010001110100010000100011011101011010010010100010000011001010101100001000011101100011001010110001100
11000101100100000011011111100000001001100110110011111001100110011100111110100101101100111011000110100110110101111110110110110010001010101011001011000101110110100100100010101110110010110100010010000010
00100010010100101101000001101000110101101010110000100111010010111000110001010101101101111000100010001010011101110001100001001100010110001110001101001100010110001010011000010000100101101001011010100110
10110100111010110101011000011101101001110000010001110010111001010101101001100111000000010010011100111011110101010100100001000110000110111110101010111111001100100100111110000111110111101101010000100001
10101011111011101100100000111100111100111101100001010100000000101000011001111110001011100011001000111100011100001011101010000011001001000101110101101111100000010100011011111010010101101110001111101101
00111100011101101010100010011110111011001000001010001011010011010001110110110100111001011000010101001011010001010100010011011011010110000101001000110100000110101000001100001001100101000111000101101110
10111001101111000101011000001101101011000101001100101010000010111000010011011101110011011111101100011100011111100011010000010100000001100001010011010001000001101000000000111001001110001011011110111000
01010101000001000100000101000001000000010000010101000000000000010100000100000001010000010100010101010001000100010100000100000001000001010000000101010101000100000001000001010000000101000000000101000101
01010000000101010100000100010100000000010001000100000100010100000000000100000001000101000001010100010000010101000001010000000100010101010101000100000001000001010001010101000000010100010100010000000101
00000101010100010101010100010101010001010001010101010100010001010101000101010001000100000101000001010001000000000001000100010101010100000101010000010100000000010100000001000101010101000100000101000000
00010001010000010101010001000101010000010001010001010100010100010000010101000100010101010000010000010001000100010101010000000101000000000100000000000000010101010000000001000101000000000001010100000000
01010100010100010100000100000000010000010000000000010101000101010000000100010100010101000100010001000100000001010000010101010000000100010100010100000000010001000101010100000001010100010100010000000000
01000101000001000001010000010100010001000100000001000001000101000100000100000001000001000100000000010100000001010001010101000100000100000100000000000001010000010000010101010001010000000101010101010101
01000001010000010100010100010000010101010101010101010101000001000000010101000101000000010000010100010000000000000001010100010101010001010101000101000001010101000101010101000001010001000100000101000101
00000100000100000000010100010101010001000001010001010001000100001110101110111010111111101010111011101011111111101111101011101011111011111110111011101111111010101011101011111110111110101010101010111010
11101111111010111011101111101110111111101110101111111110101111111011101011111011111111111011101111101010101010101011101011111010101111111010101010111111101011101111111010101011101111111111101011101011
11101110111110101010101010101010111011101110111011101011101110101011111011101110111010111010111110111111101111111011111010111010111011111110111111101011101111111010111111101010101110111010111111111110
10111111111110101011101111111111111110111010101011101111111110111011101011111010101111101110101011111111101111101110111010101011111010111011111010111011101111111011111011101011111111111110111111101110
11111010111011111011111010111111111111101111111010111011101010111011111010101111111111101011101011101111111010101010101111101011111110101011111111111011101111101110101010101010111011111010101110111010
11111111101111111010111010111110101111111010111110101010101010101110101011101011101111101110101110111111111010101111111011101010111110111010111110111110101111111011101011101111101110111011111010111111
11101111111010111111111110111110101111111111101011101110111011111011111011111011101111101010101010101111101110111010111011111011111011111111111111101110101010101010101111101110101010101111111010101010
10111111111011111010101110101011111011101110111111111011111010101011111110101011111011101111111010111010101011101111101111101110011111010111011001001100101111000000100101100100111111100000010011000010
11000100000010000010011010010001100101000110000101000110001010000001111000110111101111111100011000111110111010111111010011100100100111011000010101110001010111100011100001000111000111101100001101010001
00111111010111101100110110101111000111110011100001100111111011110110100101011111011101100010011111011001011001101011110110001001010110101000111010001110101000010001001011110100111010000101011100100111
01010110010010010010111101011111001100110001011100100101101100101110110001100101111010101101110011100101101110001010110000110001100101000110100000000101110111101101010111010100101111000101010000111001
011101010111101111111011000111011100101000110110110000010100