101001010100111000100111101110011001010011000011101111100000001000000011000001011100000001011000110010010100101011101010101111000110111111100100100010000100000110010010111001011101
101010001000010000100010101011110111010000100010111001100010000011011011010100010111110111000010111101110000001001100110010001001100001001001111110001001100000010000110001011001111
111101110110111011101011001101011100011000010001011010100111110001101100101000111110010000011011100101111010110000111110110111010110100010101011011001010110011000000000011001101000
101110010110011100001101011101110101010001111001010110000011111000010010111101110101000101001001010111011111110001010011111001101101011100011011011111000111001101111111000011101101
100101110001000100101101010111011000010011101101110101111110101100001110011001001001001001100101011000011100001000111111010111001010100100010101000000101001011011011010010101011001
0111010111010111001001011010011100000111010010000100111111100101111010100101101000001111000000001101000011000011101100011010
100010100110000001101011111000000011001011001110001110100001101100111011000111111011111011011101011001111000100101010000000001010100100101110011011000111100111100011011001111001101
101001011011000011011101110011111000011010101101100001000000100110100001100010110011110011110010010111111010010000010101110101111101011001101001011001111111000010101110011111110111
011101000100100000111100111101011010010000011110111101000101110110101111100000101100111010111011001010001010101110110101001010000000010101100000111000101000100101001110110111011001
110000000111111110011010000000111000010100001111000000100101110110010111111110000100111001011101001101111000000000011011110001001011111100100110011000100110100011010100100110100000
001100110111111010001010000000100001001011000111110000111011110100101010010100010101010011100000000111000001001011100000110001011010100000100110011011001111100000010111110010001110
1001001111111101010001111100000010000010101110111101110000101111000010110110000000100011111001101000011001111001000010000010
110110010001001000001110011000010101100001000101000110111011001011010000011100011101011110111101011000000101101111011110101111010001110011100100101001011100101011100110110000101011
000001010011001110110111110100001100110101110010001100101011011000111100010001001100101111000010010101011010111110101010001111011010111010001011011000110011010111101110110101010101
001110000000110000111000000010101011001110011101111100111000110101101001110000100010001001000011101011110111111011010100111011111111111101001000101001101010011101000010001110001001
111010101011000101000111010110000110111001110001100101110000011100011011000011111010000000010111001101100111000011001111111011000000011110011001110101010011110100010000101011101010
001010101100000011010000110010010001110111100011010111001001011010111101010000110011111010011010101101100110000101000011111010011111011000110011111100001000111111010110110111101111
1111100110110011000110010111010000001110101010100110011000001010111010001101000001111110100001110000011011100001010000100001
000001100000010110001111100100110111111111000110101110011100101001110100000100101100101101000110111101001000101110011100101010101011110111011000101111010000010000010000111011111011
000111000010111000000110001111101001101010101011000111110100110010010111000100011111000011101111111000101010101110011001001001110001100101101101000100000100110001010110010000011001
100100000100001111001010001010000000000000101111010001110001011001101001001011101101100011001101001101001100010010011010110011010010100000001011000100011000100011011001001111100011
110110001000001110101001010011100101010001100000110100011111000101000010010100010111110110111100101101011111001110001100101111100101010011001010011011010110001010110111001000000000
011110101000001100000011101010011100010111000101011001011001110101000101000110110110100011111011010010010010010110001010001101111111010110111101111111111000100000011110101110011100
0010010101001101101101101011101111000110010101111111000010111111000000100111010110000000010001111001000010110110100011101111
110010110111000110010001100001011101110110111010101100001100000101100001010010101011001100001011001011010000110110100101000001001100001111110101110110100100000000011011110011110011
100010101100100101001110001011010100111001111011100010111011000100000000100011101011111000110010001101000111011001100111111000000100010001100000001000100010011011111111111110110111
110001010110110000101100001001011000101000100110010100101101000011100010011110001000110011101111011100111011010111101100010000101100000111010110000101110011001111010101111001101001
001111111101001111000110010100100110111111101100001111101000100010111110000110100011110010110000101011010001101001111000000001111111111101010010010010111011110101110100100111101001
011010010010101011010010111100000100100011010011110011011000000001100100001101001001110010100101100011011110010100000111111111101011100101100001110010001000011111010111000111011000
1111010011001010111010111110110110100100001100000001110010011000110101100000110011110110001000101001110100100011110111100101
010110100000110111001010010001000010101011100101000101111111101111001100000011111011111000010110100110110000000000100101011011011111001011011010101110011000000000100111101101001111
000011000111101011100000010111100111010010111001000101001010000100000101001011100010001110001101110110100001110000011011011111000111001001101100010101100100100101101110011100111000
111001001111001000100001110000000000010101011011001100101101110101010111101111001000001010011000010010100111001001100100101101000010100111100100110111101010001000001010011000101100
111011010110111011011100011101110010111010110000100011101110110100100101000101001010111000100011101011010110001001011000011100110111111000001101111000000000011000010001010110100111
011100001101011001100000011000000110110111101101101010000110100000111101110101001100100011000011101101111000111010101010110111001100000101100000110101110101101110000101001100000100
0010011001101010001001101111001010010011000000010111110111100010101001111111100100000011001001010001100001111101011010000100
100101100000010111101011010000101101111001100001111110111001101011111011110111100101011110110110000000110011110010001101100100000100111100011110100110011101010100000100011110110011
000010110011110100001011011000101001100100100001001000000110110110000001001101101110101101101000101000110000011111001101100101001010111110111100000100010100100000111100111110011010
101000011011100010100100000011100010111000001000010110001101001110110101010111011110000100011111100100001110010011101111111111000100000101100100010010110111110101001011010110010100
101001101101111100101111001101001111101111011010101111111111100110010101100101011101111100010111001101000100100011000110000001100111001100100111011100001011111100010000000101111011
101110110010110010001001110001000101011001011000011110010101110111000111010101110111110001111111100001101111110010011101100011011000000010000011100110010001111011111001111000011001
0101000000000101010001001001001000100100000101001100000011000010011000011001001100110111011001110000110010110101010110110011
001110000110111011011001100010010011111110010110000111110010100100111101010110011110100000010101011011110010100111111000001001000011000010001101111011101111100011000000110100011000
001000001010111111011101101101000010101100000101100110000100111111000111001111011100011100111011101010101010101110001110001010010101100111001011101010011010010110100111101000001010
001100011100010100111111011110000011000011001011111111111110100101000010110011010100011110011001011010100110110100000111101110011101010011110100001101010100110010110100100100010111
001001111101001011001101010101111001111111111010010110001101000111011110010000111110101010001000100100001011100011110000100000101100010000110100101000111110000011111010010101011110
110001010010100100110111001001000101001110101110010011011110001101100010011010000100101110110010101011000110001111100010111100100010011011110111001111011110000011010111011000101011
0011011110100000101010010111111111110001111100001000100000000101100101001101001010100000010011011011011000111111100110010011
011010111111111010111001000001100011110010001101000001001100101011101110010001010001010010010000000011011000110011100111000010011000011111000111110011100010110100111011110111110011
111000001110100101100011000010110100000010100011010011000101000010010011001011000111000111101010011101100010101000111110000111010001001110100110110110011000100100110001001100010101
011111110100101111010111111000001000011101111010011110101000000101101110000100001101100011101000001001100011101111110001100000100001111101110111110010010000000110001101100000000111
010111111000110111001101000101010000010001101100100110101000110111110011100011100010100001110001011111101001110101110000100011101011010110100011111001001110100001100111011000100101
110001111110111111101101101111001001111000100000011100111010000100010100110010111111100011101101010001000011111001100010010010010011110111100101001111110110000101010100101011111001
1100100011111010011001000111100101111100000000011100100110010010001111111000101110111111100100110100010111111010110010101111
010000000100011000100101011010101000110011000001001110110001111110001011011101110011110111001010101111101011111011101010111001101110101011010111111111101001100101011110110100100110
101101000011011101100010001011001111110000100111010011111110000111101001010110011010110000110011101111010011000111000111110101111100100101001101011010111110011110001101111111100000
100110011010001010101100011000110010010010111001010010111100010001111000010110100110111010010001110111110001101101101000110110000110000010000001011110101011101010110111101011111111
101001011111111111010011011001011101001100100000001001001111100000101011000111101100011011000000000011100000100111101100001001000011001101110010000010111001111100101101100110010101
011111110010000110110001110111001001000100001001000000010110100100110100101110101010001001011110000011001101001100101101110101000111101110101100111110100101101011011001100011011011
1011001100100011110010000100001010111010111100101110101000111110111011011111110110000000100111100110110000010000011000110000
