010100000011111110110100100011011010001001000101001010101100110110110011001011101101011001111011111010010110011000001101100100110111101011000110101110101101100011011010110100010000
001000000000110001001011001010110100100001100011110010011101111111000100011010100100011001101111100100000011101100011110111101001101100011011000110000010111111110010101111111100010
010010001011001100100100100111001111111110110001010100010000101111000011111100011101100011010111111010101001110100000110101011100000100011100111111110101111111110111110000110111110
000101001110111000001110111000011010111001000001001000100010011111001100111100010000110000101110100000011010001011011100011011000000001110010101111000101011110000101100011010001100
010011010111000001110010010000011100001001011110000011010111111111100110100101011000111000000110111001100110011111011011110111010111000110011000001100101100101000100001110010101011
0011110011100111110010011101011111010011000110111101010110110110011001100010111110101110100011010101100001011010001100010000
000001110010010111110110010101111110101101010001001110110101011111100101100000101100111010001010010011000101110110000001000001111110011101011011001011111100111110000000110110000101
111011101100011101111111110010101100101100110101111000010000111101100010000110001010011010100111001101011111111010001011011010001001101000100110011110010001100010010100100110100101
111111110110001101001100101111001000010100001111110011010010011011100011000011000011100010000010111110001001111100100000111010111111000010100100101100111001111100100110000110110101
011110100101011111000010111101100110011010100011110111011000000110100001011010110010101110001011011001011000011000000100111110001011100011010010110100000001100010100110101100001110
110100011101111010111000101111101101011001011011100111011000001000111000001001001001101011100101101000110001100001100001000001011111110110001010111011100101100001100000010101111001
1101001000110100100011000110010100011101110000101011000100111110111111101111010110100100001110100010111010101110011011111011
111111110011011000100001111100011000111111001101001110100101001001110110100001110010000000010101100110000011111010110001101011100010100001100001111010100101110111001011011010100000
001010010010111111010011100011011111111000000000010111001110110110111000110100110101110010101110101010011110101011111001111100110011011010011011101001100000101100111100110001000000
011001101101111001011101011001000110001011100010001011010111111011101111110000100000001001010101001101101001101111011000100011001101111110000000100100010011101101001000101110001110
101111101011101111110100011110111100100001000001000111000100110010100100011111000111101101100011010001010010100011111011110100011111010111111010101101100100001000110101110011100110
000001000110011101101110110011000101101111011100110001000000001111111000100111101000111010101100100000101111100110100001011011100100110100110000111100101101110101000000000100100000
1111101000010111111111011010011101111000001010110111111111011111100111011110101000100110100010110011010100101011010010011001
110000111100100101001000111011010100100000100000010100010010000111101101100011111111001001101100000100001001010000110100110000010001000110000100110001110110110010101110100010101001
111110000000011101010011101111000010000001010010100100010010100100000010001111111000001111010000010110110101001101100000100010011010010000100100011100011101000001101100110000111101
010001011110110010001011011110001001100001100001111011111010111110011010010011111110110011011000101010000010100110011101001100100001110000011101100000010110100111101010110001111111
000001010101010101100010110100000000111010101111011110010100111001100010001010111011010001101001100011000000010110001010000011111110110011010011011001011001110100001010001111010111
001110010001011111010101000110000111100000100011001000010111111001101110011011100011100101111101111100110110011000100001100000111010001010000010100101100110110011010000100000001100
1101100001001000110111000100011001010100000000010010110001010011010010100011111101110100011111110010001101110100101111111111
110000011101100011100011100000000001000110111001110010110000001000110100010011010001001110011101101101011001101011101000110010010100101110111111001000001111100101000100000010000010
110110011100100000110010000000011000011101011111111101000101010111011001100001101001101011101011001001011101011000100100111101100100001011101111111111111100100000000110000010010110
001000111001111011101011110010001101110110010111010011111110010110000001000101011001011000111011011101011000001011001111000110101110111110110011010000101101001011011011010011101011
100110011111010011011100010010101011000100110111001011110000110100101011100111101100000001100000011001101100110011010010000100110111111101010011010001001111010110100111000100110010
110000000001100010000001100100011010001001111011011101010110000010100010101000100001011000111111110000000100101111111111100001000100010110100111010111101000001011011001111000001111
0101111011100010000101100101000100010001000110100110111111101101100111001111101101110101000100110100100011111000100100010010
101010010000110000001110011100001000010000111011000111001010010100001010100111001010001011011111100101111000101000001011110011011001111011001100010100101100010100010111101001011111
101100100110001011111000111011001011010101111010100000101010101010101101011111011011000010000110110010100001100100111010100101010110001101001101000111000101000111000010010101100001
100110001000011001111000011000100100010111000110100100101110110001100100011000111100000011101001001001001010011111001101101000000001110110000011100000000100001100011000001101011000
010010011101101110110111011100010100110001110110010010000101010101001110011110001101011011111011110101001000001110001011111111111110000000110011101000000001111011001000011101011110
101101010011001010000010010111100001111110110000110111111111100101100001010111110100100010010111011101010001110010010000111100000110011100000001001000000000111110100101010000111001
1101010100010111111011001111010111110100100000111010011010110011011110111101100000110111010110000010000111001011100110000000
001001111011011010000110011101101001000101010101000001011011001000011010011010101001001000010100000110111110110101101110101010101011111101111000010100110000011011001110100100110110
001010111001110100000100010111010111010110110111110010001101110000010011010100101111001010011000111001111100100111010111111100000100011001001100010111011010110110010010000100111001
110100011110001010010100110000011100100110011101011101011010100111100000001100010100111101010001111010001001000101101000101011000000100100001001110101111111100111111100110111000100
000011000010011111011000110000110000010010001011110010100011000111011100111000100101001001110100011100101100001110111010000101111111110110000100111001010001101011000111100110100111
000001000010010011010111010100000100101110100111101000011000011111000101001100111010000011101001100111011011000101001111110011000010010110010000000111100000010011000110101001010011
0101110101000100001010110010101010110110010011010110110101010111010111001010100111011011010100110011000111101011100000110100
010100011011000000000100001011110011100011101011110111001110101100000100100110111100110000000111010001000010000100011100110001011111001110110100010111011110011101101011010000100111
001011110101010111011101100000111111010011101010101101010010011110101000100100000100000100011101101100111111111000010010100010001110101100001001101111100000111010101111010000011101
010001000110001001111100100011011111111110000011100100110000111101000011111011110111011111110111100011000000100111100111110011111011011101001101000010010101110001110010001110110000
000011001011110100010111111100001100011000000100100001010110100110010001011111111100110000100101111011011100100000100101010010011101001110001011101011000101011001011001010101000001
111110100110101011010101101111000111111001011000100001000001010111010110111110011010010110000111101101001111001101110000010100110011101001101000010111110000101011000001111011001101
1110111100010000100110000011100010111111010101011011011101011000011011001011110100000001111110001001001110001100011010000101
011011010111111000010110011010111000110111001100011010111010100011100001000011111100010100000110010111101001001000001000111001000011100111101111000101011011000100110000101001101100
001111110100100011100110110110010011111010000011011011001111110111001001011111000010101101111101000110011110101000011100011000101100111010101001101010001011100101010101010110110011
000010101000110110101011110000000011101101000010111100001101011100011110100011101100010010000100001000011100101001010111111000100011101000000110111010011010101010001110110110100010
010110110001011000101100100011100001110000010101010001001000111001110010101011110010110000101100110111011111010010011111011110011100101100110100111101011011111011011110110001001100
010100000000101111101111111000110100110010111111100001111101000010011010111011001111111011001011001001011101001101001010011111111001100001011000111111011000100000010000111100111000
0001111110001010101001000111101101101000111100000000010000011101011011011010111110101010001000001000000100100011100101111101
110011111110011111001110100111110110101000011110111000100110010100010111000000100100111101100010111101100101100010010100110000011010000110010100110110011010101110000010101100111001
101111101110000010011011001111011011010101101000000000010111101101111000101000110010101100010110001010110110110011110011111110000000001111000001010001001100111010001010010010000111
011011000111111100010101000101000101010011110001011011100001000100101101001111110101101111011100010111010001010010101000001111000000010111000100000010111010110010111110000100111011
010100110011010110000000100101000111001100010110101010001010010111110011100111111000101000011010110001100001110010100101000100000110100110000011010011101010110101010100111000110100
101001011010000001000001001000000110001011011101011001101010110010110100100011101010000101100110110100100110101010111011001011000110011111100111100011101000110101011001001100011101
1000001001010010001011000110011111000010111110101111111100010111101111101011111101100100100101000110000111010010101110001111
