010101100101101000110010100000000000010000010001000010000001110111110000111101101001111000101011101011000001000101001101001010110110100100100110100000110101100010111111100000001011
101001011000110101011101101110110101001001001111011100001011001001001111010110101110100010100101100000000010001110010100100100001101110000100010111000000111110100001101101101001011
011011011000011101100010000011101100101110111111101011000110101101000110010100110101010001000011111110010100100100000011001100110000100000111111110101000011101101011110000110001101
100101111101110110111111101001001000100110001001001000110100010101111100001001110001100101001110001011010011001111010110000111010010011110100010011001100111111111110101010010111110
011110011101001001110010011100101011000101111001100011010111010101100010110100110000001101000001110101011101000100110010010110101111100100011110011101100010011011010111010101011100
0011001000100111001010010011011110011001000111110100111110100010001001100001011100001101110111010100000111101011110001100100
101101110101000001000010101110100100001011010111010100011101101101100011111100010100101010010110010100011111000110100110001101111100001110001010011001100000000110111100111110001100
010111011100111101100111101010100001001111010001111101101001111110100110000100011100010001100100000101001100011000010100001011100001100110000011101111000001111010010110101100011111
110010100100010110000110001101100000110001111001100010000010110101110001100110100010110000101111101110011000100001110010111011111111111011011100011000100001111000110010110000101110
111011011111000011000011111001110111011010100001101111111111011111100000011111111101011001010001001001000001110000010101111111100011101100001011010100010010110011101111111000001100
000110000011100010010000010110110100010100100111110111011101101101000010011100011001100010110101100010101100101101001111010100010111110110000010101011110101101010101000001100000001
1010101000000010001110001100111110110101000000110111010010101001101011001001011000101101111100101110101011101110110101011101
110111100010001011111001111100011011101111001111011110001101101101111010011110101000000000111100100000010110011111000110001001000010100001001011001100101000110001101011000100000111
111111011011000111111000010000011111001010001110000111101100011001110000100110111000000100001100011010111110000101100011001101110000011000000010101111100010001101100111110001101101
010111001101011100011001010100001110011101100110000101010101000010101000010000110001011000011110011001101010100011001110101100001101110110101100111100000010100111011010111010010000
001110101010100010101101010110110100110001000101101101100010110010001101011110001001101110011101100000101001100111001010100110000110110100010100001111110000001001111001100001111100
010010100000011000101001101011110111101111010100100000010100100111110001011110010001001110111010100011001100101000000111001011111101110100110011011100011111101101110011110101000011
1011000100100001111110100000111001001100111101010100111010111110110001000110000010001110010011110111100000111010000011001010
100001010010100001101000001010010011110100100010111001101111011001100100001011101111000100011000001011101101001101111101011000100001010110100101100101111001110110101100100000101000
110000000000111100110011111000000010101011010101000110000000101110110011011011111000000010100110001010110001111101100111010000111111010001001000010000000000010001101000110111011011
010001110110100010110001011100011101100000001011111010011110101110110001011011101010011101011110100010000010100011000100111111010101001010000000101010001001000001001000111101000110
100101110111110101000000010100101000000010111100110110010101000001101110101101010101010101101010100011111111000110000110010111111010000000000111011100011011001000011101110010111101
000001010100011100110010010110000101111100101000001001000110010100101110010100000100000011111101111110101001101000110111010000010101001010100010101101000010110011011011000000111100
0000100101000010100000001111110010101101001001010000011000111101000000111001001001100110010001110001010001110110111110011100
110101011111001111011110001110010000010011101010110111110000001110100011110101010011011111001101101001001011001011011100110001010101010101011011001111000100000100000100011011001111
101011001100100110011100000011011010110100011010010101111111111110011111010010111010000011011001001101100110011000111000011110011001001001010100111101011001001011111110101111010110
001011001101110011111010110000011001010000011110110001100010000110001000000101001110011011111101011110111010001001110111100010001110011111011110000010001000101000011011110011001001
101101001101101101010100001010100001000001101101101110111110001111011011000011011101001101110001101001100100010011011011011001000110010101010010110011011001001110100111111110111010
100100000010011001000111000000010000011100111011011000010010001111011010110111110001101001111100001001100100100101101100000001011111000101110111001110101001001011010010110011010011
1111111110110100100100011110100100010011100010010101010011101100100101100111101100011111101100110100100001111011000101000101
110011111001101000011001111001011111111011011110101011101011001010010011100111100001001100011000101100001010000101001000101011011101011001100100000101000100111101110000011001011111
110010001000000001011010011010010011000101111110010010111110101110100000101101001101100100000110110111101010001001011110001100011101111110101000000010101001001101000110111100100101
011011100001001001011100011101000000110110010110100100011000000110101100111100111110111010001001000011110001011101001111110010000100111000100000011100001010101010110001011001010110
110011001101101100010110011000100001000010101110001000000001111000000011011101111011001010001000110111101011010010000111110010101010100010110011000010000001110010100101001101001110
101111110000101100001101010100010100111000011001010001100111100111110101100111001110000000000101010111010001011100001000011000101011010001100110011100010100011111001101001100110100
1001100110110101101111000010111101110100110101111001001010010100010110001011001000100100010011001011000111101110111111010110
011001111101010011110001110101100111111000010101110110101000001011101110011110010001101100010101110000011010110011101100111001111010100010111001110111100111001010011100110001100111
001101010000000001000000001010101111011010000111010010011010011101010111010000000001101010011001111001101110110101001110001100000101110011011011001101110100001100010100111100011001
010000001100100100000000000000001111001010010000110101000001100101110110011100111000011000001011110100010101011111101001111100010001110000001111111001111111011110011011111011000010
111010010110011111100111101110100101000010001000101011100011101101110100001110101100101001011111010101001110111001011000111111011101000101000010101101110101001110101011010110010011
000100001101100010111101110110100100011001110111000010110110010011111111100100101110000010111100111111011101010100010010110111000000001100001100000100100011000001010101111100000011
0000001111101110111111101101110010010100110010001010101110011010010001011110001010101011110010111011100011101000101000100000
000010010010111000000000001011110000100101100011111001101010011101000100000010000110110010001101010111000011100011001011000000111001100100110111010111111000001001100010000101111111
000001010010010111111111010001001111001111101010111101100001000010011101100110100000011111101110111111110101111011110010011001000101111000100101001001001010111011110111011001000100
100011110110101101001111101011000000100101010100000001111001100101011111010110110101101111111010000010111011111111000100111001010001000101010101001000000111110001110110111101010010
010111100011101110111001111100010001110011001100011010010110010000011110101011101100010011100001101101011100101101100101110011011101011100001000010001001100111101011000010010001101
100111110110110011001101100101101000111011110101000100000011110001001010100101111000111101001100101111100010000011111011011001100010100110010010010101011111000001010000111000000001
1110101001011011110110101001000000011101111000101011001101011110010010000011110100010101111100101001111011100110000110100011
110110011011001100011110001100111110010011111111100011101101111110111100001011110011000100000110110100011000101100000101111011110000011111110111111101011110000111011011100011011101
111101110000000010000010111110100110100011000111000110000111000111000011001001001010000011011100100111110110111011101011111001011010100010110011001000111001011111011001110110111000
000110110111100100011011110000000001101110010111000100000100011100010001000101101011001101011101110100001110101011010011110000000011101101000110110100010000011001001000000100110001
001110100100000001111100100010111001000001000001110111011000010101011011100010001010111011101000100010111011100110011011000111010110111100000101110001101011010011000010110111001010
001010010000101101010110010010101111011111011011000010101101011111001011101000001001111000101001110110010100111101101000111110111101110010000100001011111110100010001001000100001010
1001110011110101101100001110100111100000101111110000010011011001010101111011001111001010001000111010000011001110100101011001
111111111100001111000011100000100010000000010011011001101011110101000100111010011010111101000010101110110111101100000111000110000000100111010110100011111011101110101110100100101011
001111101100010100010011001011001110010100010000011000110001111101010010111101101010101001010111101111100011101101111111111111011000000001000011111001011110010111001100000010101111
100111111100010101111101000000000001011111111111001010001001001110101010011011010011100110001000010111000101110100001100010111010100010000111110000000011010101111110010010100111110
000110011010111101001100001100101000000010001111010100101100011111001011111101111000001001101111110101111000100000011000101011110100000011001001101000110011100011010100011010100001
000011110110111110110101010000001010011011100100011010111100111001011010001110101010010101000110000001100100011010011000010101100011000011010111001111101111011001101001110001010100
1100110001011001100010000101011011010100011100110110111110010110001001011010011100100101101100101110010011000010100110001011
