10100101100110001000111110110011000001100101100110101000111111100101011100111100111100001111010001011010010100100000000110100010000101010111100101010111110111011011010110010101101010010110010010011111
01100011101101011100000110110101110110011110000111011010111110110011011011001011111001000001001000111100110100001001111001001101011101101000110100000101001010010111000000101011000011011010001110101011
01111001101000111010000000111100100101011001011111001101101110110001011000000001111110001111101000001010111100010001001110001100111011110110001110111011100101101000010000010100011000010110110110110001
11111110010001101111010011101100111110100000110011100010111101100000000011000000101111110001010001011100010111011011011011011101011000100011001101100000011000111101000110101010110010010110110110010011
01011110100011111010111101100101001101100010001100001011100011100001001011111101111011000110011101011111011100010101000100101001100000010000111100001101101110001011111100000111001000001011101110110010
11111100000111101000101100101010000010101101111111100111010001101000111011011111000001010100110011100111110011111010100010100100001111111000101000101010110001111011111111001001010011100000111000001111
10111100110010001111111110101100100011000110111100111101001001011010111101001001101110000000010111001001011111011101111000100111011011001100011011100110101111011001111111111100010001011110100010011000
01010000100100000010000011011111110111110001011010010011101100011011100010011100010011100111101001101101111011001100110000101110010000000000000110110000101101111111100100000010010010001100101100110000
11110011110100100000111101100110110111000101000111111101111011001001100110100110111100111111101000110000101010001111111010101000000111011010100000111100100100111111110010000011011001101111110001011001
11100110111010010101100111000100011111100111011001110001110101110110100010011011110000001010000000011100011010000001111110101001100000000010001101101000110000111010001110111010010000000010100110011000
01010011010111100110100010001101000010010000000001011001101110011001111100110101011101111100110100101100111010111101001101011000110110011010100110100001011111110100110111011011000001100000110110111001
10101110100011100000010011111001101001101000010011110001000000101100001101100011111110111111101011110111000000010000010001110001001010000011001111010000100000100111001011100101110111110000010101100011
00111000101001011001001010010000010000110111111101110001010110111001111101001110001001110111100110011001101011100100011100100011101000100001000110111010110100100101000100000110010101011000010000111011
00011001010110001100110001011001000000110111111000000010011001101100111110011001100111001111101001011011001110110001101001101101011111101101101100100010101010110010110001011101101001001000101011101100
10110100010010000010001000100101001011010000011010001101011010101100001001110100101110001100010101011011011110001000100010100111100011010100010111101001000001000010101111001010000001100101011010001100
10001111111000101000000101101011000000111101110111111000011001000101100110110110100010000111110101110110010011001011110000001001011001001111111000000100110000101100010000001000001001101001000110010100
01100001010001100010100000011110001101111011111111000110001111101110101111110100111001001001110110000101011100010101111000111000010001110001111011000011010100010011111101011110110011011010111100011111
00111000011001111110111101101001010111110111011000100111110110010110011010111101100010010101101010001110100011101010000100010010111101001110100001010111001001110101011001001001001011110101111100110011
00010111001001011011001011101100011001011110101011011100111011100110010101001000001001100010100110010001000011101110100010111110101111000011110110101000011001101110101011110111101100110010111010000001
01111100110000101001011000101010010111010011101101011111010111001101011010001111110010010000011101000010010110100101100010111110011111101010011001001010100110001001100100010111010001101111001010101100
01111101110011000111110010001111100101000000010101100101100100001110010000000011010110101000100000011001000101000001110100111111011011001101111100010101100110101010000001000101101111010010001110100000
10101011011110101000110001101101001010111001010100101110100010001101001011100100000110001010001011000010101010100000000110010011110111011110111011101111001101101010100000000001000000000110110111100001
01000000111011101001001111011001110001001101101010100111110010101101000110011100011111010001100101010100111110010100010101011000111010110100011100001000000001000100101111001101101001111110011100001010
11010011110000101011100011011100001000101011000101111010101011011010111000100110100111011001001101111001000100101101011010001101000010010110100111111010100010111111010101000110001110110111010101011001
01011010000011010100111111111101010001110111011101101110010101000000001101101001011110100010010000100011001100010111111110001000011111000010011111000011111001000111000010101001100001001000010101100110
10101001110111101100100010011101100110111111011011100011001110111001011000011101100111100010000110000010101101001000011010000011110000000010110000110000111001111110000010100001000110111110110100001100
01100111110111111001100110001101011110100010000110100000101011101110000111110011011001010000010001011000111111001111111111000000101100010110010111001100110100100111000010101110010101011010011010110000
00101101010011101100001101000010111001111000100000111101110001110111000000001011010110101011111110000110111010111111110101111001010000011011011100000011101010000110001101100110100100101100000010001101
01100000100001011001000110010101100000110011001001011101111110011100100011100100111111010001110110010001001000110000110000000001010011000010000100000100000011010010011101100101101011100000011100011110
01011101010101111100110011111000100100000101011111110101100100101000011110010011011101110000100100010000100000111111110101101010101010110110010000011011101110001101100000111010001111110110100000110001
10100000011001010010100011110010111001101100111000111011011010010101100101011010011100010001001001100100111001010010111111110110111111100010001100101111001011011110010000010010111110100001001011010011
10100000111001100001001110001111000101111010111101000001011011110101000110101010101010100011011101010000000000001101010100011011001111101101001011100001111011110100100101101000101100100011001011011100
11110110111100101000010101101001100010000011111000111010110110111110110101010000011111100111110010101000001000111111101111110000000000110100010111010110001011110101000110110011111010011000110111001110
00000110111000111101110111011011111110100110100010000011110011011010110010011111010111001010111001101011111011110001111000101001010111100011111100111010010010011010011000010001110001100001101010110011
01010100001100100001101111110111001001101001001111001011111101111011001010011110011001000010110111001100010010101011000100100000100001001110111101011101010010001011010101001000101111001010001010101110
00111010000010111000111000101000010010100101111100111100011010001010100100110101110100110010011000100101000100000101010100110000000110011111010011110000101100000110100110110110111000110111101000110111
00010011111000000000101101001010110110000000010101011100001000011000111000101101111100001111010010111000101101110001111110010011010101110111010000000110001110010111110110101111110100100110010111111110
11100100011010111000110110001000111110100110001000100000111101000001010110011001111100100101010010010101100000100110000101011001010011101001010011001111001010001111011011000100001000100110000111110011
00011111001010001101001101100101001000000000101110010111100010000110001100010101000111100100010101001101001101011001111011010011010011111011011011100000101001011111010010000011001011001110100110010001
10000111010011100100101001011001101110100100101010111110011000010000100101011111100101111000100000000111011010000111000011011110100000110011001111001111111101111001110000110001101101111011000111100101
11111000100000010010001110110010101000101101110101010100010010111010100010000100001001111111111111101010001011011101001110100010101110010100010110011001101001111011111010101010011010101110100101101110
00111010100011001001000010010111100010010101100110100000101101100111000011011000101001110101100100111000001110110101010011111010010010000110011100011101010010101100101101100010000111000000000111010100
01010111011001000111010111000001011011101001101001111101010111101111101011110001110000101100111001000000001001000100100101100011010100011010011100001110000000010111000000100001011110010100001000001011
00010110111000111101111001001100110110101001110101011101100010000011101110111001000100010001011010100110011100011010100010101010010101001100010001010111001101011100100100110000011101000001100011111001
10101011101011111111101110110100110000010101000000111000010100001100011100101000000010000001111010000110101010001011110010011010101101001100000011100011111101101101001101111011001100011110101010101100
01100010110001000100001001000010001100111100001001111101010111111000101000101011001001101101010101011101111101001010101100000011100010011011110011101011110110110001111101100100000010001110011100011100
10110111110010100010010111111001100111111100011111000010111010100011000111100011101100000011000010011000100110100001011001001011011011110101110111101111000101001011011100001101110111101101001111111001
10110000000100000111100100000100001011010111110010100100101100001011001001001100010001100001101000101111101010100010111010000110101100000001100101010010000101001110100110100100011111100101100010010110
00110000000111001000110101111010000010001101010011001011001011101011100001100110101111010101100011010001010011001010101000001011011110010110101010001111010010100000001000110000100011110000001101100000
00100111101110011100001000111010111010011111000111000111110001011001111110111101000010111001101001011000101101110011011010111000110010000001000110011001100110001101110010011111011000101111101100111100
