100001010111010011101001110011011001000101011111101110110110101100000110111010101010001001000000110000101000110000010001100101001111010010000000010111000101101110010000111111010000
101000110101111001000100011111101000110010011100001010101110011000001011000000101011101010000000110101110101101000010000010000101000011011110011110011111111000110101001101010011001
010000110001111101100010111001000001000100110111000100001100100110000010001001110011111111110010010001100100100111111111010001100010010110111000011010000011010001010010100100001001
101110100001001101010110000010110110111000101011001001011101110110111111111100011001110001001001110001010101111010101000001101001001011101011011100110000001010000010101111101100100
110100001001110011011100000011111001101010001011110110111000101001100010000011100000001011110001001000000011101011011101001110011001111010100101110001111110111101011010100101100001
1001101000100110111110111100000101110100001000110010001111100001010101110000000101100111010001010100011110100110010110011100
010011101000100001011110101110101010101111011101011110010010101101001001110010011010011000101001011101101011000011100011010110111101011110110110111100100110110000001010011011001110
110000110110000100111000000101110000110010001001110101110101001110001100011001110000011111101001011111110111000011101111111011111110101110000110011100001000010101111100001110001110
011010110000010010001110100001111010000111010111101001010101100111011000010000011000100011100010100010000100000110000011011001101001001101010001111100101001111100110101011001111110
011100110110100001011111110110100101010011011001110000111110010000100110000100100111111010100111100101110001110011101001110001111001111111011000100100100111000000011110011001100010
010000100111110101111110100001100010000001110101101010110010001010011000011000101000111111011000011101000000011111111110101111011011101101100101001011001010100010110111101100000010
0010111000000011010000110010110110100001110101110101100001111101000011011011111010111110101011000101000000001000011101011001
001111111110101111101011110100101101001000011011111001000101100010110101000010101111110001011001011110000001110011101000101000010001100000010010100010000010100010001101011110100111
101100110011010001010011000110011100110011110011011110110100110111111111110100100000010000111000001010000101011001110111101011000000010110010011100101100000001000101100110100010100
101110111111011000001100001000110110100010101100010000111110001000111011101001110011101101010011001100110111101101110111000010001010101110011010001000011001100100011111111011110011
110000111111001101101000101010001100101100001000100000010010111111010111000000100010110000111101010000111111101010101000100110000110100110111101001111111110111110111111000110111001
101111010111011000000111001001011001010110111001001110000011101100100000110001110110000101010010010000101111111011110100101000011111010100100111111001111001010111001000000001111010
0111111101110011100010001010010001100101011110101110101110000100101100000101011001000100100010011111110111000000001101110101
011110100111010011100001100010001000110011001010110110110101100010101100001100010000111000010101010011110000011011010110111010110010010111010010100100010010011000011110000011010000
001000001100111111000001000011100110000110101010000000001111010000110100110010000011010001000011101111111011010110001000001101110100100001110011100110011011110000100111001100110011
111111101010100101101010100011110101010000110010011100111110001011010001100110011001011110011100111111010000011110001110100101101010101000111101111001011110101101010001000010010111
100010100111110010110111000001110001011101001001101001111001011111101111011100011010001111100110101011101011010000011010010011010101100101010001011010010011001000011110111010111011
110100000110010011101111101010010001101101101100001000010111011110100000010001110100101100010101000110000011010010111110111000101010101001000101111111101001100111011001010000101001
1001110000010101110110101010010010000011001010111000101011001101000101101111100101010110100110010010110000101000101011011011
111001100100111111101111100101110010101010111000101111011111100000000100101111001001100101001010010100011001011101101100100000001011010101101010111001110010011000100000000100010101
111000100100011101001001101101100110010011111010011001100011100010100111010101100011000011111011101011011111111010101101010101101110001100100000001100111001111010001011001111000110
101101010110011011001101001100100010100001000100100111111100100010010110111000001100100001000000111000001001110111000111110110101010111100110100100110000110110010011111001011101000
110010001000101010010001001000000001000111011001100101000101000011110010010010100011111100101110101010011110000011001111100100000011001000001101100111010101001001011000101110011101
101110010000010001000010101001110001101001110101101101001111110110011001010001011101010011110010110101100101110010001001100010000001010010011110000110001000010001011011011001111100
0100010110111111010000011111110100101000011001111001000010110011110000101010101011011010000011011100001110011010011011011111
001111100011011000011001001101110011000011111000100101101110101010011101001100111111001101010000000010111011111000110001001010100101001111000011011100011000111001000111011010011010
010100001100111111100111111110011000001101000111100101010110011000101001001000100010001001010100101110101011001110001010000101001000000010010000000010010101001111000100110010000110
101110100000011100011000001001001011100000010101101100101011111101010011110000010000001010011101101100101100111011111000010110111010110011000010111100100100001110101001100010110000
011110111100000111000111001010011111110110010111000100001001101001001000001110000011010101110001010011111101100010101111011101010001001000011010000100100011001110110010001101101111
111110101100010011111111000000011111000101101110011000111101100101011001110010110111110100101011001100010010000011110101010111111010111011011010101101111101010101000111100001011010
0000010001101111100001011100010111010101100110001001110101100001100110001110000000100111011001101001010101011111001100000111
010110010110110001100010011110101110101000010001111010110001101110011111010110110000000011001000011011011100000100001010111110110111001001011101101110100001111000100001111001001110
010110111111001110111110011011010110000010000101011001101010000011011000101110110010000011010110111110011011011100001010101110001001011011010011011011110101011011011100101101001111
011010010101111001110100100010110010101000101011111111101100000010011001000111011001101010111001100110010101001000001001111001111111010000111110101001110111011001001100010001101101
110110110111011000100011010000010100110001111101111101010111011011000001111100011001110011010001101100011111000001110000111111110101000000001000001101111001110011110010011011010101
101011011101100001101010011101111011111000000111011011100101111111000001000010010111000011011110100100001101011111000101000001111110000001101001010100110001000111100001010000101100
0011001010101001011001110111001101010010101011001111101110000100110011101001001100010011010000101001010011011100111001101111
010000000001111100000011110101011011001001101110011000010001001110111011000011100100000110010011011011110011101110000000011101110000011011111000111101010110010010101100011101101010
111111011010011010111010110010111101111111001101100011011101110010110100001001001111010000010100111101010110011011110111011011010001101010001111000100100011110010001011000010111011
011111011100111011011000110011011001101110010010010101010000000000010000101100110011000110110111010111010100011100001100111010000000100100101101101100110011101101001111101000101001
111111011100100000011011001001111110001010011011011000011110011101001001001001011010010001011110010001011111001001011001111101000110101000111010100001010000001010111111100001111000
011000000010010000010010000010001111011010000001011111010010001101001111010001011110110001001001011010011100011101011000000110001100001111100001001000111100111001000111011111111100
0110011101001110110100001010010000111111101101011010100100001011111011000110001111011110000111000110110000001110100000111001
010100000111110110100111110011101101111001111010000110000001111100001011001000100001101000110010111000000100110100101101011110000001011001000001011000001101000101001111100101111000
010100100000111010101101000000001010001100100100010100100001110100011001011001011110110011111101001110001100010001001111010100000101000101000001010110111100000111011011000101101111
000011010101101010111001010101101111011010000011000001110100100010000010001111011011000111101001101011100111010000110111011001101011101011001000001110100011110101011111011001111001
100100000011110001011111011110111010111011110111101111101010011100101101000101111001010101001000001000100011100010100001110111111101011001100010011110000010010101000010101000010011
111101111001001111100101011100001110111011001100011110001111110100011011000000000000111110110000110111011001100001000011000100011010101001100001101000000100111100010000001100011001
0101111101001101001011001100011110010011010101101011111101100100010001010010111000111010001100101100101000100001000010001001
011111101010000000011110000111101011110101000011000011000101111101001010010110100010010010101101000010100010011000011100010011011001111000110101110100011101101101100110001110111001
101101100101000011111001110100000010010011011010010000001111001001111100101011101100000000100011011000101011000011001111010000101001000101000001011001101111100101001111110001111010
101011110101010011000000101011010000100010010100001000111000101101101101100001010100110100110110100101000100001110011010010100000011000000100100101110010011110111001100110010010110
111010001001001100110010111100111111010000100011100110100001011001001011100101011011110110100100110111001100111010000101110111011010000101111111100010010111110011110010111110101010
010011000011001000000011100111010111001110011100001001110110100110101100001110101000001001110101110000110110110000000101110000100101110110101110110111011011011011011010000011111000
0100101001010100111010100011010100100001101001000111110111000000111000110011100001010110111111011001010111010110111100000100