001100010111001001011011001011101100011001011110101011011100111001011011
10001010110000110001100110111011101110101110111010101011111010111110101111111010101011101110111010101111111110111011101011101010101111111110111010101011111010101010111111111011101111111111111111101111
11101010111111101011101011111110101011111010111110101011111011111110101011101110101010111010101110111011111111101110111110101010111011111111111011101111111010101111101111101010111111101111101110101110
11101010101111111010101010101011101110111110101111111011111111101110111111111011111110111010101010101110111110111111101010111010101010101011111110101010111011101111101010111011111110101110101010101111
10101110111010111010101010101110101010101010101010111011101111111111111011101110111110111110101010101010101110101010111011111010111010111110111011101011111010101101111100000010000000110000000011101010
11101100010000101011101001100011011011110011000101101010110101111100101111011001111000110110100010011111000101111000010100101111011010011011010011001110100110010011110011000010101101011101011100011000
11000111110101111100001001000010001001010101100110010000110011010011010110101111001110010011101000111110011110111111110100001000000111100101110010010110101101110001000101011111001010011011110110011001
01001001100101010101011101000010000011110011011110010101010100101101010100101100011100100000110001011001010100001011111001011100111001101111001110000101010101000000000100011001101101001111100011011100
00101011010010011110111110101010110001101110111101101011001011000000011110110101000000011101101001000001011100001010010101110011000110011100100011111111011111010000011001000111100000100000100000111011
10001101010000100011000011000011001111001111100011000101011000101011000101010000111110010000000000000000000110110011111100110111111001101001110101001010101111110010011000001111100100101000111110110001
10011101010001100000101001101101110111000001110100000111010000001001011011010000101000011010101110000000100111001101010010011000110000111000011100010001111101100110010110010000110011100100101100001110
00110111110100100011000001110011110010101010010111010001100100101001110100000011010110110110001101001111111010010000001001001111101010000010011110101100011101010010100100000101001011001110110001110101
10011000001100100110010000010100010000010000010101000101010101010001000000010001000100010000010101000101000000010101010001010100000100010000010100010000000000000001010001000000000001010000010001010100
01010101000000010001000001010101010100010101010000000101010001010001010100000101010001010101000100000001010001010100010100000000000001000101000101000101010101000101000000010101010001010001010101000001
01010101010001000000010100000101000001010101010001000100010101010101010001000100000101010001010000010000010101010000010001010100000000000100010000010100010001010001000100010100010000010101000101010100
01000101010101000000000001010100010001000000000001000000000100000100010101000101000000010100000101010000000000010001010000000100000101010001000000000100010001000001010100000000000000000101000001010001
01010100000000010000010001000101000100000101000101000001000001010001000101000100000000000101010001010100010001000101000101010001010101010001000001010100010101010101010000000100010101000001010001000001
01010100010000010001000101010100000001000101000101010100000001000100000000010101000100010001000001000001000101000100010101000000010100000000010000010100000001010101010001000000000100010001010001000001
01010001010101010000000000010100010001000000000100000101000101000100010000000100000000000000010001010100010001010001000000010001010001000001010001010101010000010000010001000100010101000101000000010101
00000100010001010000000100000100010100010000000101000100010001010000010001010100010001001111000100000010110000110110001111111011111110101111011100000001000001000111000100101000001100111101000010000010
01110010111001011101111100000101011000110011100010100101100100101001000001000011011111110111000101011011100111110100111000100111011110011001100110101110010001110010001110100010000100011011101011010010
01010001000001100101010110000100001110110001100101011000110011000101100100000011011111100000001001100110110011111001100110011100111110100101101100111011000110100110110101111110110110110010001010101011
00101100010111011010010010001010111011001011010001001000001000100010010100101101000001101000110101101010110000100111010010111000110001010101101101111000100010001010011101110001100001001100010110001110
00110100110001011111111110101110101111111011101010101010101010111010101011101010101010111110101010111110101111101111101111111110101011101111101010111010111110111011111111111110101011101110101110111110
10101011111110111010111011111010111111111110111111101010101110101011111011101110101010111110111110111111101011111110101010101010111011111110101011101011101010111110111110101011101010101011101011101111
11111110111110101011111011101111101011111110111010111110111110111110111111101010101010111110111011101010101010101011111011111011111110111110111011111010111111101011111011111110111011111011111110101111
10101011111010111010101010111010101110111110111110111110111010111011101111101111111010101111101011101111101110101010101010111010111011111111111011110101000100010100010101000001010000010100000001000001
01000101000100000100000000000001000100010000000101010001000001010101000001000100000101000001000000010000010101000000000000010100000100000001010000010100010101010001000100010100000100000001000001010000
00010101010100010000000100000101000000010100000000010100010101010000000101010100000100010100000000010001000100000100010100000000000100000001000101000001010100010000010101000001010000000100010101010101
00010000000100000101000101010100000001010001010001000000010100000101010100010101010100010101010001010001010101010100010001010101000101010001000100000101000001010001000000000001000100010101010100000101
01000001010000000001010000000100010101010100010000010100000000010001010000010101111011101111101011101110101011101111101111101011101110101110111010111110111111101110111011111011111110111110101010111111
10111111101011101111111110101111111011101010101111101011111011101010111110101110101010101010101110101110111110101011101110101011111110111011101110111110101011111111101011101111101111101010111111111110
11101010111011101110111110101011111110101011101010111011101111101011101011111111111010101010101011101110101010111110101010101011101011101011111011101011101110111110101011111011101010101011101110101011
11111010111011111011111111111011111011101010111111111010111011101110101110101011101110111111111111101110111110101011111010111010101011111111101110101010101110101010101110101111101010111011111111111010
11111010101011011110011111111100101111001110110000111110010100101110001110101000010110011101011001101001011011010011100110100000110101000100000011111011000100011101101101000001001111100100000111101000
10100010100101100001010111000111000101010110111100111011010000110110110110101001110110011100110000001111000011111110010101100011110010110001000010011100111010100001001110110110110111000100000011011010
00001101001110010110110110001000100001001000011001111100100100100100011000001100100100000111110101011010011010111100100101110100110000010001011010010011000111101010001010010100111110101111111111010011
100101101100111100100100111011111011111110101011000010010000101010001011010001110000101001100101010001000011111000101111110010111011001011010111