0100000101000000000101000000010001010101010001000011011111101111010110110100000111011110011111111100101111001110110000111110010100101110
00111010100001011001110101100110100101101101001110011010000011010100010000001111101100010001110110110100000100111110010000011110100010100010100101100001010111000111000101010110111100111011010000110110
11011010100111011001110011000000111100001111111001010110001111001011000100001001110011101010000100111011011011011100010000001101101000001101001110010110110110001000100001001000011001111100100100100100
01100000110010010000011111010101101001101011110010010111010011000001000101101001001100011110101000101001010011111010111111111101001110010110110011110010010011101111101111111010101100001001000010101000
10110100011100001010011001010100010000111110000001010100000100010000010101010001000100000000000001000001000100000101010001010101010000010001000000010000010101010001000000010100000100010001000100010100
00000101010100000000000000010101010100010100010000000101010100010101000000010100010000000101000100000000010001010000010001000000010101000101000101000100000101000001010100000101010100010001000001000000
00010101010001010101000100010101010100000000000001010101000000010000000000000100000000000101000000010001010000000101000000010001010100000101000000010000010100000100000100000000000001010001000000010000
00000001010100010001000001010100010000010001010101010100000000010000010101000000000001010001000000010101010001010100000000010100000101010101000001000000010000010101010000000001101111101110101110101010
10111111111011101011101011101110111011101010111110111111101111101010101110101011111110101110101110111011101011111011101111101111101011101111101111101011111111111110111111101011101110101011101111101010
11111111111010111010111011111110101010101011111010111111101010111111111110111011111011101010101010101110111110101011101110101111111110111111101011101011111010111111101011111010101010101010111010101110
10111011111011101011101111111110101011111110111010101111101110101111101111101011111110111010111011111011101110111110101111111110111111101011111111111011111010111111111110101110111011101111101111101111
10111011111010101010101011111011101110101110111110111110111111111111111011101010101010101011111011101010101011101001000001000010101111001010000001100101011010001100100011111110001010000001011010110000
00111101110111111000011001000101100110110110100010000111110101110110010011001011110000001001011001001111111000000100110000101100010000001000001001101001000110010100011000010100011000101000000111100011
01111011111111000110001111101110101111110100111001001001110110000101011100010101111000111000010001110001111011000011010100010011111101011110110011011010111100011111001110000110011111101111011010010101
11110111011000100111110110010110011010111101100010010101101010001110100011101010000100010010111101001110100001010111001001110101011001001001001011110101111100110011000101110010010110110010111011000110
01011110101011011100111001011011100010101010101011101010101110111011101011101110101010111110101111101011111110101010111011101110101011111111101110111010111010101011111111101110101010111110101010101111
11111011101111111111111111101111111010101111111010111010111111101010111110101111101010111110111111101010111011101010101110101011101110111111111011101111101010101110111111111110111011111110101011111011
11101010111111101111101110101110111010101011111110101010101010111011101111101011111110111111111011101111111110111111101110101010101011101111101111111010101110101010101010111111101010101110111011111010
10111011111110101110101010101111101011101110101110101010101011101010101010101010101110111011111111111110111011101111101111101010101010101011101010101110111110101110101111100100010000010100010101000101
00000001000000010000000001010101010101000000000101010101000100010001010100010000000101010100000101000101010001000101000100010100010001010000000101000000000101010001010001010000010001010100010000010100
01000001010100000100000100000100010000010100000101000001000000010001000000000100010000000100010000010000010101010001010000010101000101010001010101010100000001000000010100000100010000010101000100000000
00000101000101000101010001000100000001000100000000000001000000010000010100010001010000000000000101000000000101000001000100000100000001000000000001010101000001000101000101010001010000000000000000000000
00000100010100000101010001000100000101010000010001010101010101010100000101010101000101010001010000000001000101010000000101000101000000000001000001010000000100010000010001000100010101010001010000000001
00000001010000010000010000010101010001000000000100010000010000010001010001010100010000000001000101010000000000000101010000000000000000000000010100010101000100010101000101000100000001010101010100010001
00000101010000010100010101010000010001000000000100000101000101000100010000000100000000010000000001000001010000000101000001010101010000000100010001000000010001000100000101000001000000000101000100010000
01000000010001010000010100000101000100010100000100010000000100010100010101010000010000000100000101000100000000010000010100010001000001010101010000000001000001010101010000010001010101000001000000010100
00000000000101000101010000010000010010111010101011101011111011111011101111111110101011111010111111101111101111101010101110101011101011101011101011111111111011101110111111111111111110111111101110101011
10101011101011111010111110111010101111111010111110101010101110111011101011111110101111101010101110101010101010101111111111101111111011101010111011111111101011111110111011101111111011111010101010101110
10111111101010101010101011101111101111111110101111101110101011101010111110111110111010101111111110101110101011101110111110111111101011111010111111101011101110101010111111101011111111111111111010101111
11101110111011101110111010111111101111111111111011101111111010101011101011111010101110101010101011111111111111111011111010111011101110111111111011101110101011111011111100010100010101000100010000010101
00000000000000000101000001010001010101000000000100000100010001010001000001010001010000010000010100010001010001000000000001010100010101000100010001010001010100010101010100010000010101000101010101010100
00000100010101000001010001000001010101000100000100010001010101000000010001010001010101000000010001000000000101010001000100010000010000010001010001000101010000000101000000000100000101000000010101010100
01000000000100010001010001000001010100010101010100000000000101000100010000000001000001010001010001000100000001000000000000000100010101000100010100010000000100010100010000010100010101010100000100000100
01000100010101000101000000010101000001000100010100000001000001000101000100000001010001000100010100001001101001101000010011110001000000101100001101100011111110111111101011110111000000010000010001110001
00101000001100111101000010000010011100101110010111011111000001010110001100111000101001011001001010010000010000110111111101110001010110111001111101001110001001110111100110011001101011100100011100100011
10100010000100011011101011010010010100010000011001010101100001000011101100011001010110001100110001011001000000110111111000000010011001101100111110011001100111001111101001011011001110110001101001101101
01111110110110110010001010101011001011000101110110100100100010101110110010110100010010000010001000100101001011010000011010001101011010101100001001110100101110001100010101011011011110001000100010100111
01110001100001001100010110001110111011101110111011111111101011101011111110111010101010101010101110101010111010101010101111101010101111101011111011111011111111101010111011111010101110101111101110111111
11111110101011101110101110111110101010111111101110101110111110101111111111101111111010101011101010111110111011101010101111101111101111111010111111101010101010101110111111101010111010111010101111101111
10101011101010101011101011101111111111101111101010111110111011111010111111101110101111101111101111101111111010101010101111101110111010101010101010111110111110111111101111101110111110101111111010111110
11111110111011111011111110101111101010111110101110101010101110101011101111101111101111101110101110111011111011111110101011111010111011111011101010101010101110101110010101010100010101010001000101000101
01000001010000010100000001000001010001010001000001000000000000010001000100000001010100010000010101010000010001000001010000010000000100000101010000000000000101000001000000010100000101000101010100010001
00010100000100000001000001010000000101010101000100000001000001010000000101000000000101000101010100000001010101000001000101000000000100010001000001000101000000000001000000010001010000010101000100000101
01000001010000000100010101010101000100000001000001010001010101000000010100010100010000000101000001010101000101010101000101010100010100010101010101000100010101010001010100010001000001010000010100010000
00000001000100010101010100000101010000010100000000010100000001000101010101000100000101000000000111111011111110101110111011111010111011101010111011111011111010111011101011101110101111101111111011101110
11111011111110111110101010111111101111111010111011111111101011111110111010101011111010111110111010101111101011101010101010101011101011101111101010111011101010111111101110111011101111101010111111111010
11101111101111101010111111111110111010101110111011101111101010111111101010111010101110111011111010111010111111111110101010101010111011101010101111101010101010111010111010111110111010111011101111101010
11111011101010101011101110101011111110101110111110111111111110111110111010101111111110101110111011101011101010111011101111111111111011101111101010111110101110101010111111111011101010101011101010101011
10101111101010111011111111110111000010111110001100100101000100001001011000100000111010011111111011000011011000000111000011111010001000010011100001110010001001100011100100001111111000000100010000111111
11100111100011000001111011110110111001000111110010000001101001110100010110001010000010011000010011111100101100111001110001101101011011100001111111100011011100011000010100111111110110111011011000101010
10100001000001011010101101010010000000010101100001000101111000000011001111010101101001000011011011100101101000000010000010100100110001100100010000011011001000010110010001000110101100100111000111111001
11010011011010111010110001010110010111101001000101011010011101000010101110011010110101010110100101111111101000011001010111010111101110000000011001110111000110110000101000010111110011000001101011100110
11001100100001010011110100110110100000110010001111110010110010010011101110101101101110010110111100000100010100110110000111010111111011011110101100010010100100111110100011011111011000011000010011010110
00101010100111101011010110001001011111110001001101001100100010001000111001111000001100110000111101111011110110100100101101100001110110100111101010101000001011100010111000011001011011001011100101011110
10100101111011101010110100010000111100010110000101011001100001100111001100110011011000010111011011010100000111111111001101101001110101010000110011001100010110010100110100011011110000000000001011010011
00110000010001110001011001010101110101100110000000101000001101000110100010000111110010000010001010111100101000000110010101101000110010001111111000101000000101101011000000111101110111111000011001000101
10011011011010001000011111010111011001001100101111000000100101100100111111100000010011000010110001000000100000100110100100011001010001100001010001100010100000011110001101111011111111000110001111101110
10111111010011100100100111011000010101110001010111100011100001000111000111101100001101010001001111110101111011001101101011110001111100111000011001111110111101101001010111110111011000100111110110010110
01101011110110001001010110101000111010001110101000010001001011110100111010000101011100100111010101100100100100101111010111110011